0.500000
-2.160805 -6.733969 -5.196695 4.100337 6.352223 -0.172062
5.215342 -4.125988 2.052361 6.663383 -5.183806 -3.917612
-6.348300 0.103465 2.210626 6.590429 1.919871 -6.545533
-1.930426 6.626089 6.375819 0.033305 -5.307484 -3.817922
5.224705 3.916037 1.951017 -6.567127 -5.174458 4.111439
-6.353583 0.222593 5.187956 -4.074542 2.174420 6.861157
5.174542 3.978398 -2.012011 -6.645264 -5.236489 4.226810
5.233485 -4.220262 -5.177692 -3.951459 1.998706 6.866103
-2.139168 -6.894752 -5.225640 4.245414 6.338607 -0.171363
-1.902944 6.596812 -2.275131 -6.539023 6.341758 -0.019765
-2.255107 -6.871110 -5.133319 4.115434 6.368052 -0.120218
-6.319934 0.068808 2.359146 6.724225 1.890271 -6.598753
5.301384 3.895343 -6.388128 0.066434 1.914293 -6.482609
-6.360279 0.076453 2.304623 6.517959 1.869588 -6.436404
-1.850385 6.475772 6.405758 0.000197 -5.334318 -3.867239
5.222989 -4.020822 -1.954285 6.617433 -5.194412 -3.807872
-1.939703 6.461920 6.397048 -0.037767 -5.270548 -3.783746
5.191346 3.827307 1.943095 -6.448873 -5.225978 4.021112
5.304907 -4.182883 1.948065 6.644646 -5.140197 -3.870304
5.135442 3.847820 1.991787 -6.615173 -5.308923 4.125400
-1.966905 -6.835626 5.152750 4.032907 -5.285912 4.371866
5.114816 3.937734 -1.929158 -6.615073 -5.377869 4.302376
5.372137 -4.318719 -5.121910 -3.910401 1.898677 6.835804
-6.337978 0.248125 5.216963 -4.202093 2.152139 7.083749
5.281644 -4.357537 -5.157460 -3.989772 1.959574 7.078761
-2.118678 -7.113607 -5.269968 4.386293 6.316706 -0.182487
-6.358959 0.185824 5.136890 -4.067534 2.303044 7.046496
-2.254304 -7.100521 -5.161028 4.246655 6.346936 -0.131988
-1.849518 6.655063 -2.410429 -6.669428 6.365176 0.033404
-2.380471 -7.055929 -5.069815 4.115545 6.391829 -0.085173
-6.336714 0.023724 2.501258 6.876960 1.846709 -6.644149
-1.838145 6.482803 -2.346874 -6.472186 6.403929 -0.011660
-6.389957 0.042037 2.443671 6.647014 1.829371 -6.484610
5.340130 3.921799 -6.408120 0.084442 1.866668 -6.376835
-6.416569 0.060354 2.385381 6.438782 1.809124 -6.343033
-1.795459 6.367952 6.444341 -0.016179 -5.359260 -3.899712
5.263775 3.842729 -6.408168 0.111633 1.920715 -6.374481
-1.877235 6.372418 6.419990 -0.057719 -5.296763 -3.817703
5.259436 -3.949686 -1.955606 6.485657 -5.191781 -3.764518
-1.949726 6.348042 6.409682 -0.095373 -5.248926 -3.742204
5.187633 3.775356 1.950922 -6.337414 -5.263350 3.935362
5.342677 -4.040679 -2.017426 6.654262 -5.156113 -3.755365
5.148739 3.794593 1.988956 -6.484519 -5.349046 4.039299
5.439928 -4.260948 1.851136 6.611751 -5.094517 -3.843122
5.087995 3.799012 2.040028 -6.647071 -5.443947 4.159505
-1.900400 -6.782281 5.069162 4.009412 -5.443810 4.463003
5.049104 3.920127 -1.857770 -6.567386 -5.524586 4.391478
5.516711 -4.415953 -5.060749 -3.877376 1.810486 6.777387
-1.938438 -7.033538 5.115144 4.094992 -5.346072 4.518994
5.436578 -4.462075 -5.078675 -3.955872 1.852015 7.028767
-6.313796 0.290257 5.262081 -4.320892 2.134352 7.319509
5.341060 -4.521170 -5.121142 -4.059561 1.912953 7.324633
-2.091177 -7.366706 -5.325044 4.553464 6.297721 -0.230017
-6.330705 0.241585 5.169662 -4.163071 2.288101 7.295683
-2.245507 -7.339743 -5.192111 4.373490 6.308621 -0.165616
-6.369897 0.171724 5.088271 -4.039539 2.434413 7.246750
-2.379977 -7.310530 -5.094060 4.218045 6.353881 -0.103385
-1.778820 6.706550 -2.535948 -6.818643 6.396115 0.075790
-2.529054 -7.264613 -5.028450 4.087073 6.435189 -0.042497
-6.373679 -0.029682 2.665518 7.051382 1.772981 -6.701893
-1.758830 6.537101 -2.456622 -6.596707 6.445198 0.041994
-6.418733 0.003857 2.580876 6.779605 1.765874 -6.518479
-1.757254 6.384667 -2.399044 -6.398003 6.474463 0.006874
-6.460045 0.017157 2.503401 6.554046 1.761332 -6.374635
5.377929 3.926528 -6.435887 0.080760 1.813871 -6.283373
-6.493154 0.052366 2.435249 6.370753 1.762243 -6.267749
-1.754499 6.278519 6.502300 -0.039755 -5.402552 -3.903683
5.306214 3.839712 -6.416919 0.102050 1.878691 -6.289760
-1.818564 6.281515 6.441247 -0.069117 -5.315966 -3.824008
5.242862 3.779773 -6.417958 0.140288 1.936583 -6.273836
-1.898859 6.270628 6.415081 -0.096155 -5.261319 -3.763386
5.277268 -3.885409 -1.976615 6.358168 -5.199484 -3.720223
-1.957612 6.257387 6.423511 -0.120280 -5.237694 -3.720602
5.194093 3.743577 1.956647 -6.249398 -5.282319 3.877473
5.355298 -3.982386 -2.035778 6.501983 -5.167722 -3.723346
5.159723 3.744970 1.993237 -6.354068 -5.362120 3.957519
5.459984 -4.083225 -2.091127 6.673022 -5.119803 -3.715561
5.108185 3.759023 2.047008 -6.493477 -5.468814 4.064537
5.601121 -4.346537 1.785509 6.568024 -5.069643 -3.820481
5.062483 3.754413 2.119221 -6.669018 -5.602956 4.200380
-1.749145 -6.786747 5.075728 3.908747 -5.651652 4.557147
5.085259 3.839440 -1.736014 -6.577080 -5.756693 4.455859
5.747459 -4.502925 -5.101810 -3.794331 1.671778 6.788212
-1.780147 -7.038322 5.091530 4.001464 -5.530788 4.673302
5.644320 -4.609031 -5.088307 -3.882015 1.706552 7.041364
-1.829094 -7.336964 5.133018 4.118892 -5.415350 4.769202
5.523534 -4.701138 -5.102001 -3.964496 1.735969 7.332862
-6.318548 0.261331 5.291869 -4.575494 2.069742 7.647404
5.407114 -4.715027 -5.142799 -4.014922 1.855898 7.603261
-2.048687 -7.651531 -5.381381 4.752824 6.273519 -0.142989
-6.322837 0.185744 5.168285 -4.388950 2.261370 7.602565
-2.203300 -7.674461 -5.218839 4.633854 6.309854 -0.122069
-6.362150 0.111967 5.079921 -4.228469 2.468968 7.542997
-2.399592 -7.635162 -5.113306 4.439226 6.356077 -0.056623
-6.437685 0.040824 5.024828 -4.091974 2.654379 7.484697
-2.587396 -7.569518 -5.017709 4.280663 6.424255 0.033297
-1.767862 6.765505 -2.776374 -6.995249 6.486742 0.193721
-2.707469 -7.483971 -4.910394 4.166189 6.490598 0.026715
-6.429372 -0.098074 2.852316 7.246670 1.801379 -6.704979
-1.770983 6.572549 -2.681490 -6.730079 6.527912 0.120109
-6.513949 -0.093753 2.825809 6.953695 1.769958 -6.567259
-1.777679 6.419219 -2.596239 -6.511870 6.562733 0.026182
-6.560581 -0.020609 2.720127 6.706244 1.773761 -6.421818
-1.787681 6.302985 -2.519347 -6.336459 6.593563 -0.045695
-6.587720 0.051981 2.636339 6.482997 1.796563 -6.292743
5.408241 3.997176 -6.509168 0.179581 1.842275 -6.218052
-6.584164 0.063383 2.586974 6.262471 1.737099 -6.201064
-1.734808 6.199120 6.574561 -0.080376 -5.378673 -3.992095
5.308966 3.922282 -6.456869 0.197783 1.870352 -6.232636
-1.830904 6.231566 6.517894 -0.169487 -5.333476 -3.902665
5.241651 3.865280 -6.439201 0.213079 1.877363 -6.244738
-1.860484 6.248457 6.472868 -0.173893 -5.274773 -3.844784
5.204902 3.826834 -6.456305 0.226520 1.901038 -6.242005
-1.883771 6.243062 6.447525 -0.195254 -5.223972 -3.813391
5.353767 -3.792668 -1.919182 6.309629 -5.209153 -3.760735
-1.951626 6.185938 6.428799 -0.252051 -5.228668 -3.718679
5.203364 3.731508 1.949145 -6.180937 -5.358815 3.726357
5.433917 -3.860117 -1.968950 6.417033 -5.195343 -3.733853
5.185279 3.776265 1.931727 -6.307085 -5.442281 3.850318
5.541632 -3.954283 -2.035891 6.558900 -5.189404 -3.684841
5.175073 3.750997 1.999180 -6.418734 -5.552737 3.952606
5.677341 -4.077145 -2.121581 6.736349 -5.166603 -3.649047
5.148612 3.713066 2.059842 -6.556321 -5.689629 4.057138
5.788104 -4.423225 1.608669 6.564268 -5.064129 -3.788373
5.056603 3.710252 2.090688 -6.708493 -5.786353 4.241959
-1.700071 -6.726321 5.032063 3.891951 -5.865598 4.661820
5.002298 3.863157 -1.641317 -6.512711 -5.918604 4.565421
5.909944 -4.624029 -5.023435 -3.805092 1.560741 6.713371
-1.710424 -6.987353 5.029973 3.986095 -5.755524 4.787330
5.858349 -4.729610 -5.049308 -3.855441 1.614477 6.985780
-1.734172 -7.271126 5.036165 4.092636 -5.621012 4.894417
5.746826 -4.824523 -5.046058 -3.932495 1.647572 7.271552
-1.830798 -7.553693 5.089052 4.148736 -5.495633 4.925785
5.608916 -4.856200 -5.053119 -3.978515 1.718488 7.541482
-6.276523 0.279671 5.365622 -4.679882 2.058470 7.914720
5.488629 -4.939915 -5.098724 -4.102194 1.792377 7.923380
-2.004553 -7.980859 -5.456262 4.981679 6.259089 -0.207845
-6.298522 0.262402 5.218718 -4.539892 2.232594 7.928234
-2.201108 -7.949121 -5.277350 4.745246 6.254411 -0.131786
-6.337810 0.172565 5.123420 -4.351694 2.449080 7.884750
-2.385614 -7.969000 -5.153094 4.597721 6.321122 -0.091699
-6.392302 0.083439 5.045896 -4.175424 2.655539 7.807300
-2.578892 -7.917682 -5.047109 4.414192 6.384732 -0.017121
-6.454053 0.065309 4.948204 -4.070804 2.796998 7.714546
-2.725850 -7.814139 -4.923810 4.258665 6.436897 0.021726
-1.707927 6.780384 -2.887547 -7.184422 6.531014 0.216944
-2.909642 -7.741949 -4.881025 4.127414 6.572322 0.094878
-6.507797 -0.174134 3.066033 7.469474 1.710690 -6.767209
-1.672669 6.632246 -2.837209 -6.896474 6.612377 0.196918
-6.556409 -0.114821 2.947636 7.121825 1.717502 -6.565532
-1.695602 6.475164 -2.730368 -6.657524 6.661452 0.106549
-6.646691 -0.086259 2.884286 6.861631 1.708611 -6.457195
-1.715372 6.335340 -2.624488 -6.442753 6.683468 0.017032
-6.685559 -0.022844 2.782515 6.613316 1.720972 -6.331314
-1.675418 6.231972 -2.576630 -6.231929 6.681557 -0.013088
-6.677521 0.011593 2.700175 6.360319 1.696358 -6.212446
5.413787 3.995443 -6.554991 0.138305 1.779222 -6.146084
-6.700660 0.076307 2.620378 6.199010 1.718922 -6.156897
-1.722631 6.142420 6.671062 -0.122332 -5.428658 -3.977608
5.359997 3.901131 -6.502407 0.206740 1.858749 -6.179863
-1.762774 6.160120 6.555467 -0.144339 -5.321285 -3.902713
5.286285 3.859428 -6.468118 0.211523 1.873689 -6.205016
-1.839213 6.201880 6.515063 -0.193567 -5.295439 -3.848221
5.226383 3.822785 -6.447417 0.212227 1.879909 -6.201398
-1.874250 6.205177 6.469494 -0.208834 -5.250557 -3.808996
5.215837 3.743281 -6.439295 0.268964 1.933484 -6.152798
-1.921504 6.151739 6.416282 -0.248159 -5.220170 -3.738835
5.359215 -3.699367 -1.976341 6.187845 -5.236940 -3.711834
-1.951259 6.138654 6.440452 -0.258349 -5.236476 -3.734481
5.228852 3.737599 1.946760 -6.136581 -5.366545 3.681866
5.435521 -3.816300 -1.980189 6.311457 -5.226654 -3.740098
5.217292 3.721573 1.973191 -6.183762 -5.443197 3.739535
5.556201 -3.899231 -2.051777 6.432400 -5.229503 -3.703201
5.215181 3.749928 1.999127 -6.312454 -5.567222 3.871911
5.686520 -3.997048 -2.134109 6.566196 -5.209175 -3.650763
5.189735 3.726428 2.056747 -6.425890 -5.700178 3.982815
5.794991 -4.163803 -2.168893 6.726993 -5.128602 -3.637083
5.106858 3.702254 2.090739 -6.538020 -5.807444 4.122778
6.005577 -4.518270 1.558866 6.515673 -5.077838 -3.771115
5.071488 3.675054 2.185501 -6.720096 -5.997435 4.295085
-1.578293 -6.667780 4.969591 3.880838 -6.053317 4.800786
5.023737 3.832481 -1.589439 -6.472527 -6.169681 4.661052
6.163496 -4.746845 -5.048937 -3.775132 1.492562 6.673111
-1.656254 -6.904797 4.958882 3.980146 -5.989306 4.899646
6.044415 -4.857940 -4.994540 -3.807532 1.501302 6.890668
-1.674422 -7.189332 4.957584 4.074242 -5.857323 5.031429
5.982678 -4.967126 -4.978952 -3.930161 1.574454 7.188243
-1.691966 -7.500803 5.005602 4.096782 -5.730428 5.068338
5.841961 -5.002850 -4.982989 -3.942576 1.566628 7.487753
-1.751516 -7.887143 5.052107 4.237349 -5.590355 5.191281
5.723015 -5.112112 -5.019920 -4.051922 1.631712 7.872581
-6.269106 0.340308 5.432857 -4.925664 2.002530 8.286135
5.582241 -5.201948 -5.064382 -4.173944 1.716461 8.288945
-1.947127 -8.356356 -5.540686 5.248583 6.246284 -0.253126
-6.254119 0.251868 5.265485 -4.681089 2.237978 8.234610
-2.169290 -8.332511 -5.341067 4.995156 6.241843 -0.179620
-6.296028 0.258062 5.168218 -4.469213 2.420656 8.241456
-2.382555 -8.274643 -5.166317 4.755585 6.249979 -0.107774
-6.348205 0.170632 5.077384 -4.281072 2.652771 8.173486
-2.576875 -8.290421 -5.092365 4.534747 6.336254 -0.090479
-6.408285 0.065962 4.950792 -4.175580 2.807103 8.081115
-2.735506 -8.187059 -4.941635 4.376728 6.387858 0.034879
-6.535969 -0.019093 4.921861 -4.040396 3.029775 7.995221
-2.947483 -8.123650 -4.884830 4.236187 6.521730 0.108679
-1.618412 6.848438 -3.116973 -7.407233 6.638822 0.316351
-3.144317 -8.025581 -4.840742 4.106705 6.673396 0.181673
-6.607990 -0.265403 3.309189 7.719003 1.632595 -6.821227
-1.636213 6.634854 -2.986397 -7.065257 6.682673 0.215631
-6.669121 -0.194399 3.180553 7.338560 1.642859 -6.622994
-1.589521 6.519457 -2.864484 -6.806963 6.761202 0.193144
-6.704789 -0.120994 3.054208 6.991953 1.648702 -6.443714
-1.611650 6.381283 -2.752643 -6.567542 6.796284 0.089726
-6.793129 -0.090516 2.919933 6.760212 1.627382 -6.366365
-1.638501 6.248627 -2.703362 -6.325709 6.802693 0.056956
-6.792403 -0.052662 2.837899 6.473373 1.671295 -6.216818
-1.669165 6.182574 -2.614353 -6.173500 6.822463 -0.045016
-6.829902 0.024624 2.751174 6.291838 1.693594 -6.164941
5.467525 3.985141 -6.650601 0.192683 1.791630 -6.107595
-6.837546 0.102578 2.667707 6.129359 1.716629 -6.126370
-1.726039 6.100622 6.787470 -0.176047 -5.467523 -3.972825
5.348411 3.916145 -6.542114 0.204103 1.797104 -6.136210
-1.759786 6.134373 6.652695 -0.202047 -5.361945 -3.902113
5.322774 3.827384 -6.496801 0.203328 1.873941 -6.163730
-1.785691 6.142029 6.533510 -0.223273 -5.271512 -3.837042
5.266190 3.792238 -6.458408 0.207192 1.873156 -6.177831
-1.859299 6.177609 6.500367 -0.203716 -5.275762 -3.784617
5.211073 3.768921 -6.425349 0.278143 1.926625 -6.135067
-1.906579 6.133277 6.422762 -0.254640 -5.200857 -3.767446
5.216148 3.766736 -6.456168 0.275441 1.921413 -6.134125
-1.931280 6.136777 6.427014 -0.268193 -5.222662 -3.765195
5.372717 -3.656882 -1.962001 6.146066 -5.271450 -3.747208
-1.944336 6.111662 6.448181 -0.278584 -5.251996 -3.769091
5.262361 3.762704 1.938043 -6.112619 -5.381064 3.622489
5.450342 -3.701974 -2.000806 6.196514 -5.281736 -3.702038
5.269345 3.747279 1.956449 -6.144852 -5.461169 3.682876
5.541230 -3.845412 -2.074171 6.304789 -5.266664 -3.724130
5.253774 3.713421 1.982807 -6.188540 -5.551091 3.755042
5.676169 -3.943245 -2.144850 6.421497 -5.263548 -3.670708
5.244472 3.736418 2.076539 -6.301120 -5.689846 3.912913
5.822288 -4.047193 -2.155999 6.560135 -5.188711 -3.658066
5.166940 3.713660 2.086964 -6.392885 -5.834662 3.991524
6.016115 -4.206849 -2.264267 6.744398 -5.176476 -3.600500
5.148119 3.684092 2.168630 -6.555066 -6.030270 4.161335
6.254842 -4.615831 1.491697 6.474456 -5.112529 -3.752466
5.108017 3.642030 2.264477 -6.731765 -6.238247 4.353419
-1.548475 -6.603125 4.962334 3.869911 -6.328523 4.916459
5.034579 3.824587 -1.551826 -6.415664 -6.433451 4.769180
6.429735 -4.867818 -5.065629 -3.752916 1.438636 6.605861
-1.532166 -6.827603 4.920269 3.908458 -6.201770 5.047464
6.321807 -4.991703 -4.993306 -3.787041 1.428697 6.831119
-1.601072 -7.113993 4.896549 4.056992 -6.126151 5.173738
6.196307 -5.127709 -4.946306 -3.843010 1.432995 7.099336
-1.566725 -7.426902 4.913492 4.074209 -5.978076 5.229802
6.109408 -5.162787 -4.930604 -3.914439 1.447787 7.420099
-1.625047 -7.805586 4.943797 4.210455 -5.845451 5.357341
5.970852 -5.286596 -4.933980 -4.013582 1.485417 7.788441
-1.684655 -8.238862 4.999760 4.340003 -5.696958 5.469312
5.836488 -5.386391 -4.962372 -4.136170 1.543736 8.215421
-6.256798 0.421988 5.516757 -5.170136 1.949178 8.683863
5.689872 -5.505933 -5.013067 -4.287873 1.629205 8.705099
-1.880248 -8.784530 -5.638819 5.557339 6.240262 -0.342869
-6.237480 0.351532 5.332263 -4.891454 2.190978 8.646113
-2.126715 -8.738632 -5.407228 5.249389 6.214586 -0.251319
-6.236905 0.253401 5.167927 -4.658172 2.426792 8.580924
-2.352494 -8.697689 -5.221955 4.974511 6.222157 -0.164972
-6.307966 0.241096 5.112294 -4.413654 2.640261 8.583744
-2.593335 -8.637892 -5.076201 4.733636 6.263302 -0.076318
-6.353863 0.087514 4.971404 -4.267170 2.822279 8.474906
-2.741942 -8.608963 -4.967999 4.519822 6.338595 0.008620
-6.473521 0.014871 4.934305 -4.109276 3.052985 8.400927
-2.975678 -8.528080 -4.891365 4.339156 6.451948 0.099475
-6.622204 -0.084645 4.900076 -3.990520 3.273131 8.298287
-3.187389 -8.444440 -4.845407 4.184956 6.604472 0.190329
-1.512183 6.913016 -3.347889 -7.653812 6.754686 0.407327
-3.413593 -8.344763 -4.827116 4.055823 6.798377 0.282450
-6.732552 -0.371502 3.585805 8.000135 1.521537 -6.895025
-1.520762 6.703458 -3.192705 -7.276231 6.810679 0.317614
-6.783113 -0.280088 3.421066 7.562957 1.545834 -6.669242
-1.545932 6.510031 -3.062896 -6.937312 6.848125 0.225948
-6.834837 -0.211973 3.267984 7.189004 1.567080 -6.486068
-1.520653 6.422678 -2.903190 -6.710739 6.931918 0.177789
-6.878519 -0.118989 3.128300 6.873085 1.592035 -6.341923
-1.584211 6.259538 -2.822017 -6.434095 6.933079 0.121270
-6.931919 -0.129760 2.996460 6.606409 1.613938 -6.233895
-1.603970 6.196680 -2.714803 -6.261262 6.965837 0.025192
-6.961582 -0.033144 2.880874 6.387137 1.646472 -6.160160
-1.646161 6.146721 -2.633410 -6.108864 6.975227 -0.071021
-6.985454 0.043532 2.776893 6.209362 1.683692 -6.119619
5.518765 3.955640 -6.758062 0.229971 1.797863 -6.080084
-6.998037 0.139524 2.685607 6.069988 1.727246 -6.111912
-1.742877 6.075235 6.926028 -0.239880 -5.523563 -3.943039
5.404674 3.880760 -6.626588 0.235069 1.815331 -6.115462
-1.760728 6.107096 6.751092 -0.254829 -5.394900 -3.875197
5.299672 3.829750 -6.517011 0.254287 1.825296 -6.131467
-1.794356 6.127379 6.613888 -0.264214 -5.299220 -3.823963
5.295313 3.772804 -6.487672 0.214527 1.883002 -6.168712
-1.805414 6.146042 6.512839 -0.269792 -5.234693 -3.789803
5.207688 3.770650 -6.418204 0.265373 1.917083 -6.131873
-1.907992 6.129485 6.447654 -0.273164 -5.201939 -3.771931
5.215745 3.762189 -6.431663 0.257639 1.920947 -6.138168
-1.912253 6.130412 6.416733 -0.275034 -5.197223 -3.773211
5.232803 3.781151 -6.460564 0.267896 1.920838 -6.120221
-1.935180 6.120695 6.419656 -0.272209 -5.224087 -3.788203
5.367476 -3.617944 -1.966800 6.106131 -5.317957 -3.778935
-1.935751 6.106224 6.456510 -0.267882 -5.279386 -3.821991
5.307676 3.806491 1.927416 -6.110095 -5.377300 3.588761
5.439908 -3.671602 -2.006150 6.135933 -5.332972 -3.747473
5.320164 3.774047 1.945443 -6.103479 -5.451573 3.627136
5.539785 -3.725143 -2.036425 6.189135 -5.329152 -3.703583
5.313096 3.752130 1.976113 -6.127967 -5.553248 3.688153
5.671159 -3.875656 -2.152053 6.300033 -5.327810 -3.709929
5.311284 3.710221 2.021951 -6.183643 -5.682872 3.774503
5.829033 -3.935875 -2.165672 6.400551 -5.261911 -3.676589
5.238687 3.744088 2.081223 -6.272200 -5.843282 3.886611
6.019868 -4.098329 -2.269446 6.560396 -5.250004 -3.631439
5.223406 3.696705 2.159763 -6.392363 -6.032772 4.029562
6.241994 -4.272218 -2.369963 6.745420 -5.221729 -3.578937
5.188772 3.663995 2.256192 -6.546473 -6.254717 4.204805
6.539241 -4.721578 1.459388 6.421762 -5.165845 -3.739505
5.164409 3.614257 2.376560 -6.736663 -6.511317 4.418315
-1.162213 -6.803307 5.314736 3.576817 -6.836897 4.951521
5.421463 3.563417 -1.190999 -6.607063 -6.972999 4.775333
6.965464 -4.890658 -5.465871 -3.476849 1.055764 6.808864
-1.146492 -7.040476 5.233935 3.612848 -6.684499 5.143411
6.832045 -5.074739 -5.353078 -3.509076 1.047386 7.048378
-1.143984 -7.323276 5.179552 3.670111 -6.537153 5.312949
6.676265 -5.241854 -5.271487 -3.531310 1.025055 7.325692
-1.164623 -7.648417 5.143739 3.755554 -6.335190 5.588077
6.542189 -5.493370 -5.199866 -3.680061 1.099134 7.666928
-1.197481 -8.033234 5.137354 3.859759 -6.178722 5.760859
6.326607 -5.674843 -5.172524 -3.681257 1.061490 8.030270
-1.253964 -8.476246 5.152725 3.991698 -6.007521 5.959762
6.171930 -5.859861 -5.160127 -3.808620 1.118989 8.470664
-1.334778 -8.988685 5.192828 4.150827 -5.841699 6.140815
5.998492 -6.033217 -5.173492 -3.926016 1.175743 8.968998
-6.310052 0.077181 5.554781 -5.939346 1.718337 9.423901
5.810778 -5.860430 -5.231336 -3.747532 1.522209 9.181963
-1.769871 -9.263577 -5.725202 5.928416 6.153261 0.299694
-6.291886 -0.025763 5.314895 -5.616112 2.012021 9.339974
-1.921626 -9.477477 -5.432952 6.039628 6.274254 0.121895
-6.308124 -0.125374 5.121972 -5.330669 2.320691 9.244373
-2.222027 -9.404042 -5.215775 5.707405 6.299407 0.209544
-6.357788 -0.222898 4.970288 -5.077047 2.603290 9.157078
-2.511399 -9.303502 -5.017385 5.425228 6.342246 0.330102
-6.444072 -0.322374 4.855134 -4.857810 2.981703 9.022004
-2.856632 -9.254284 -4.937776 5.132402 6.462952 0.354487
-6.565946 -0.416753 4.775461 -4.661849 3.258064 8.929735
-3.164207 -9.082578 -4.761505 4.942708 6.552914 0.536205
-6.727410 -0.510831 4.727560 -4.492757 3.552563 8.824649
-3.450557 -8.997019 -4.700414 4.735559 6.720205 0.621289
-6.930777 -0.605861 4.708497 -4.348695 3.826522 8.720165
-3.726614 -8.882435 -4.642014 4.569762 6.917482 0.736002
-1.723186 6.926752 -3.976692 -8.006669 7.097369 0.783049
-3.744867 -8.645684 -4.381960 4.547654 6.928490 0.456486
-6.888518 -0.483470 3.896699 8.328265 1.932136 -6.627033
-1.760523 6.698451 -3.796214 -7.560519 7.133108 0.636155
-7.122280 -0.625247 4.060104 7.910282 1.781392 -6.673827
-1.797564 6.512640 -3.632911 -7.180383 7.162877 0.469144
-7.165974 -0.480708 3.870685 7.490450 1.813992 -6.498769
-1.833687 6.366707 -3.480657 -6.859598 7.195610 0.330190
-7.192072 -0.336976 3.708347 7.111373 1.866312 -6.337103
-1.877069 6.256288 -3.348443 -6.590399 7.205537 0.078792
-7.257055 -0.154784 3.521679 6.853079 1.863450 -6.287119
-1.918189 6.181434 -3.221057 -6.368799 7.231768 -0.054431
-7.235802 0.031291 3.414675 6.536111 1.961234 -6.150125
-1.964097 6.139838 -3.106541 -6.189865 7.248412 -0.208908
-7.267784 0.164970 3.277283 6.330405 2.001194 -6.120161
-2.014888 6.131227 -3.004133 -6.050270 7.261189 -0.341404
-7.276089 0.299053 3.165663 6.144928 2.065639 -6.100802
5.484827 4.216273 -6.992387 0.598524 2.085778 -6.123081
-7.152145 0.221880 3.191674 5.812052 1.781811 -6.079907
-1.782162 6.056312 7.079152 -0.324398 -5.230738 -4.270502
5.345265 4.156708 -6.822119 0.603468 2.060802 -6.165193
-2.026452 6.162929 6.991531 -0.626111 -5.347191 -4.149099
5.238477 4.113696 -6.690237 0.603617 2.013996 -6.207419
-2.003499 6.208904 6.830556 -0.616603 -5.250227 -4.105774
5.163079 4.086462 -6.594621 0.599267 1.986781 -6.236068
-1.975529 6.234497 6.690133 -0.622604 -5.160486 -4.085428
5.119602 4.074925 -6.534988 0.592522 1.854895 -6.288340
-1.916750 6.307028 6.635306 -0.564112 -5.177205 -4.057586
5.104649 4.080708 -6.509333 0.582616 1.824641 -6.301800
-1.835969 6.301505 6.533467 -0.604199 -5.098712 -4.086527
5.120665 4.102571 -6.518259 0.570347 1.771320 -6.313868
-1.806566 6.318197 6.515619 -0.580597 -5.125558 -4.107950
5.165599 4.142020 -6.560695 0.555110 1.735423 -6.311880
-1.770806 6.312992 6.515574 -0.575094 -5.157373 -4.154557
5.626731 -3.397626 -1.687599 6.294180 -5.338794 -4.084832
-1.902378 6.115289 6.399145 -0.745251 -5.296099 -3.900867
5.333980 3.879108 1.883766 -6.119591 -5.628917 3.126583
5.705592 -3.426475 -1.715218 6.287200 -5.371840 -4.022716
5.354824 4.069773 1.658601 -6.295017 -5.718814 3.392462
5.811457 -3.478804 -1.756508 6.310652 -5.411258 -3.939639
5.389948 4.009887 1.701244 -6.289746 -5.827415 3.453975
5.946164 -3.556500 -1.812924 6.365317 -5.431652 -3.869282
5.406923 3.936970 1.733135 -6.307012 -5.963019 3.514774
6.108299 -3.662927 -1.887224 6.449869 -5.519947 -3.706568
5.485111 3.849667 1.860663 -6.382960 -6.132722 3.680501
6.303484 -3.798418 -1.978187 6.567707 -5.533708 -3.627341
5.498397 3.715939 1.872640 -6.443077 -6.323697 3.746095
6.531280 -3.967130 -2.088563 6.718423 -5.560768 -3.524949
5.517280 3.637870 1.982882 -6.565435 -6.553553 3.920938
6.795662 -4.173989 -2.222968 6.905164 -5.571316 -3.438244
5.522371 3.547644 2.085772 -6.710563 -6.815128 4.104616
6.850472 -4.772109 0.851213 6.560711 -5.254046 -3.666507
5.243641 3.593316 1.944811 -6.772057 -6.821670 4.494798
-1.134329 -6.736952 5.364965 3.565575 -7.209149 5.093360
5.164818 3.731329 -0.928840 -6.503498 -7.099424 4.944638
7.105594 -5.081321 -5.208929 -3.639701 0.779765 6.698557
-1.098923 -6.983295 5.263076 3.605572 -7.067354 5.300931
7.210524 -5.238726 -5.410534 -3.486994 0.972002 6.988794
-1.070101 -7.252282 5.172103 3.652844 -6.895680 5.486770
7.062996 -5.415614 -5.310050 -3.506664 0.956485 7.259997
-1.118404 -7.602581 5.110921 3.811370 -6.753868 5.763869
6.909091 -5.691392 -5.196717 -3.652906 0.977119 7.604465
-1.071218 -7.963526 5.076633 3.837966 -6.523630 5.966284
6.749116 -5.868133 -5.148782 -3.720006 0.989517 7.979368
-1.100663 -8.422069 5.075914 3.973747 -6.361994 6.179115
6.521307 -6.089296 -5.105919 -3.775695 0.940504 8.414111
-1.147501 -8.921477 5.082566 4.121402 -6.173526 6.376310
6.354994 -6.269300 -5.104770 -3.888906 0.994191 8.910140
-1.472352 -9.161215 5.160622 3.941926 -5.965013 6.218076
6.130793 -6.121890 -5.141526 -3.708407 1.292390 9.119192
-6.277620 0.085331 5.413014 -5.949227 1.939184 9.915089
-6.292633 -0.031791 5.206003 -5.617837 2.266054 9.831561
-2.169606 -9.995702 -5.299084 6.052378 6.272477 0.149440
-6.320336 -0.151294 5.024719 -5.308802 2.578402 9.712616
-2.472759 -9.905194 -5.082628 5.728500 6.311096 0.249953
-6.433352 -0.201575 4.956632 -5.017806 2.950275 9.654690
-2.853466 -9.831203 -4.979997 5.373785 6.417192 0.328940
-6.509409 -0.385865 4.799559 -4.808988 3.281698 9.467936
-3.153064 -9.734957 -4.847493 5.118977 6.526195 0.430395
-6.672961 -0.500094 4.749298 -4.610009 3.595173 9.377557
-3.497700 -9.555696 -4.714123 4.893675 6.658403 0.641460
-6.856826 -0.615530 4.713234 -4.424557 3.896351 9.249280
-3.789537 -9.453009 -4.649248 4.701542 6.849452 0.740802
-6.868400 -0.363938 4.458986 -4.421652 3.936112 8.988860
-3.842194 -9.183833 -4.380054 4.645222 6.849034 0.499131
-1.787925 6.736339 -3.962114 -8.277663 7.096260 0.659001
-4.103597 -9.043705 -4.362463 4.509318 7.107700 0.599377
-7.069534 -0.624123 4.258466 8.687666 1.820634 -6.693124
-1.624941 6.771222 -4.095381 -7.851303 7.336447 0.783790
-7.124829 -0.509821 4.049481 8.142097 1.853361 -6.475010
-1.680263 6.579802 -3.898737 -7.435957 7.381008 0.616364
-7.370808 -0.613026 4.177559 7.764530 1.718178 -6.541432
-1.730632 6.406070 -3.706985 -7.059824 7.399007 0.451651
-7.409197 -0.476979 3.986575 7.345337 1.758191 -6.385643
-1.747855 6.343070 -3.514897 -6.807659 7.465290 0.248572
-7.463642 -0.262863 3.757256 7.040711 1.796876 -6.302609
-1.843315 6.193469 -3.382864 -6.498378 7.436236 0.042600
-7.497570 -0.130938 3.595535 6.735994 1.839015 -6.218013
-1.903762 6.151157 -3.244253 -6.301638 7.470584 -0.111673
-7.477550 0.080497 3.448163 6.450181 1.963200 -6.110008
-1.965969 6.120421 -3.109694 -6.125517 7.472663 -0.266201
-7.500681 0.209357 3.316503 6.242762 2.013886 -6.096167
-1.702609 6.087816 -3.139395 -5.802625 7.341156 -0.211831
-7.367373 0.160647 3.308859 5.881364 1.759791 -6.051737
5.298275 4.229797 -7.048341 0.377607 1.882453 -6.070517
-7.359291 0.286325 3.206134 5.754653 1.822806 -6.093362
-1.824874 6.064621 7.266658 -0.409621 -5.282044 -4.225043
5.407164 4.101005 -6.958886 0.659556 2.114680 -6.181869
-1.825589 6.107436 7.029383 -0.423871 -5.145811 -4.167744
5.295267 4.073718 -6.806010 0.647156 2.075789 -6.236322
-2.046293 6.230538 6.962493 -0.684350 -5.280222 -4.075256
5.196708 4.049452 -6.668055 0.630878 2.029702 -6.262729
-2.031192 6.263345 6.796984 -0.683204 -5.198977 -4.048598
5.198395 4.038592 -6.622313 0.571375 1.956489 -6.343912
-1.949261 6.338991 6.704728 -0.607561 -5.178962 -4.047441
5.110819 4.063022 -6.524023 0.589431 1.857085 -6.339485
-1.931325 6.358132 6.612903 -0.599804 -5.159722 -4.052633
5.122778 4.100572 -6.515781 0.564420 1.812213 -6.365240
-1.828813 6.361970 6.526660 -0.598463 -5.101169 -4.116271
5.146084 4.142579 -6.519171 0.536618 1.757899 -6.361406
-1.805704 6.365091 6.505221 -0.585589 -5.142514 -4.155318
5.272075 3.905713 -6.413074 0.708440 1.874395 -6.168861
-1.911710 6.169192 6.357144 -0.738877 -5.245854 -3.925401
5.604210 -3.142672 -1.912859 6.099993 -5.414433 -3.937431
-1.888325 6.152375 6.399655 -0.724310 -5.344444 -3.994078
5.398379 3.964574 1.865235 -6.158752 -5.618194 3.098341
5.685606 -3.402816 -1.709726 6.271794 -5.448246 -4.112967
5.437739 3.919261 1.870830 -6.098780 -5.693152 3.121666
5.805849 -3.444353 -1.756541 6.275985 -5.498433 -4.040196
5.477531 4.092593 1.684915 -6.275766 -5.822210 3.392491
5.935906 -3.497918 -1.810579 6.290227 -5.522922 -3.950318
5.497258 4.031910 1.714295 -6.271565 -5.954678 3.461189
6.117649 -3.643987 -1.943581 6.375823 -5.616419 -3.850987
5.587505 3.924018 1.847173 -6.307575 -6.137121 3.582233
6.306181 -3.702407 -1.977400 6.432833 -5.637595 -3.700993
5.596722 3.854776 1.909535 -6.367237 -6.332980 3.706278
6.551779 -3.858294 -2.092817 6.563991 -5.671004 -3.611929
5.630347 3.703360 1.968920 -6.430024 -6.572168 3.783395
6.812397 -4.034493 -2.219435 6.706557 -5.683255 -3.506093
5.632609 3.628964 2.067693 -6.551998 -6.834514 3.972060
6.839857 -4.412465 -2.077528 6.781648 -5.410026 -3.537551
5.364869 3.640088 1.928511 -6.583665 -6.847621 4.310864
7.215093 -4.888282 0.812244 6.513789 -5.355469 -3.652005
5.346682 3.573297 2.056141 -6.764034 -7.172389 4.576383
-0.841246 -6.645581 5.127022 3.706734 -7.374571 5.293453
5.275875 3.704299 -0.887421 -6.464274 -7.506795 5.063068
7.523903 -5.232728 -5.324518 -3.612566 0.721607 6.660877
-1.069158 -6.895024 5.281892 3.605481 -7.473333 5.457351
7.385577 -5.438425 -5.178366 -3.599243 0.693261 6.864308
-1.036566 -7.163952 5.182410 3.643410 -7.303305 5.676892
7.480939 -5.612154 -5.333713 -3.511188 0.906405 7.172613
-0.994427 -7.549231 5.114770 3.768073 -7.163979 5.966460
7.326008 -5.898794 -5.213917 -3.623994 0.834382 7.553010
-0.990557 -7.927686 5.066809 3.853584 -6.982963 6.190528
7.169023 -6.112569 -5.158393 -3.680095 0.841349 7.931064
-0.961559 -8.328893 4.986672 3.968791 -6.737122 6.403355
6.980690 -6.303099 -5.111293 -3.742152 0.859686 8.341038
-0.997127 -8.831774 4.986763 4.105740 -6.550650 6.635966
6.739056 -6.539302 -5.020279 -3.891617 0.827735 8.822411
-6.396039 -0.182034 4.987816 -5.279199 2.939786 10.289994
-6.495554 -0.298521 4.869325 -5.016059 3.286118 10.171081
-3.178445 -10.400335 -4.876619 5.388256 6.485241 0.428577
-6.597415 -0.462466 4.773064 -4.720504 3.629696 9.969977
-3.502313 -10.267966 -4.744826 5.132907 6.609413 0.530028
-6.778350 -0.577396 4.726410 -4.523109 3.968843 9.850169
-3.863661 -10.079376 -4.676023 4.816485 6.769205 0.720897
-6.798498 -0.412537 4.442642 -4.533423 4.029767 9.575663
-3.936461 -9.793111 -4.377993 4.772425 6.778584 0.566176
-7.053176 -0.527878 4.440627 -4.393563 4.337057 9.423113
-4.237232 -9.659674 -4.348489 4.627544 7.036172 0.670180
-1.677664 6.808909 -4.351639 -8.646619 7.318503 0.831157
-1.723282 6.574441 -4.120760 -8.097347 7.362979 0.667249
-7.350314 -0.659420 4.441453 8.494398 1.760029 -6.535654
-1.536268 6.638950 -4.177592 -7.702853 7.608630 0.779128
-7.391623 -0.525209 4.215887 7.952854 1.788976 -6.341352
-1.587747 6.467054 -3.968347 -7.287908 7.636576 0.595186
-7.644019 -0.618222 4.269658 7.603266 1.627773 -6.434554
-1.683069 6.364464 -3.768592 -6.994412 7.710951 0.382803
-7.704325 -0.393419 4.028409 7.253810 1.747890 -6.309767
-1.736888 6.266914 -3.593648 -6.695911 7.736634 0.204033
-7.753011 -0.242910 3.853766 6.918708 1.789299 -6.231359
-1.820836 6.149214 -3.382204 -6.415338 7.699322 -0.004991
-7.768241 -0.091520 3.685919 6.612443 1.830202 -6.163581
-1.880828 6.122296 -3.238433 -6.217908 7.716294 -0.176654
-7.741858 0.122924 3.458547 6.354984 1.942875 -6.086347
-1.685392 6.065262 -3.271871 -5.866462 7.590176 -0.133107
-7.614482 0.083645 3.450788 5.965716 1.756120 -6.018849
-1.758365 6.097306 -3.160687 -5.749399 7.577385 -0.298979
-7.620504 0.228829 3.343059 5.819892 1.818769 -6.063821
5.352372 4.189597 -7.239473 0.477829 1.954334 -6.099690
-7.592445 0.368702 3.240483 5.688172 1.882061 -6.119949
-1.884049 6.088501 7.480533 -0.510295 -5.316450 -4.191769
5.204415 4.138016 -7.004765 0.479098 1.917524 -6.153132
-1.881642 6.147336 7.218957 -0.528814 -5.188353 -4.138191
5.343085 4.007096 -6.924500 0.688239 2.142382 -6.264630
-1.866276 6.182638 6.976180 -0.538203 -5.073297 -4.087181
5.249175 3.986782 -6.764534 0.674939 2.089259 -6.308138
-2.081385 6.304231 6.916423 -0.728734 -5.234183 -3.992939
5.204129 4.032067 -6.691023 0.627627 2.016272 -6.398259
-1.999557 6.388456 6.795642 -0.664880 -5.166894 -4.048582
5.173000 4.042352 -6.605098 0.607164 1.958755 -6.428441
-1.974260 6.426402 6.683946 -0.659835 -5.154703 -4.055666
5.114857 4.070682 -6.512920 0.552702 1.855557 -6.415572
-1.939085 6.433464 6.585119 -0.651649 -5.151889 -4.068364
5.143968 4.116076 -6.498622 0.528576 1.795007 -6.430166
-1.832755 6.429546 6.505044 -0.577249 -5.122517 -4.136326
5.225897 3.933830 -6.369099 0.714253 1.907994 -6.243961
-1.937455 6.240619 6.334631 -0.745101 -5.184366 -3.960033
5.314178 4.009323 -6.418325 0.688987 1.848781 -6.237557
-1.905320 6.240192 6.359020 -0.733809 -5.286660 -4.032662
5.599250 -3.115386 -1.882239 6.143289 -5.489626 -4.054522
-1.868724 6.210987 6.393964 -0.720919 -5.402919 -4.108133
5.472484 4.071510 1.840225 -6.219031 -5.614974 3.051942
5.675100 -3.126403 -1.900604 6.084883 -5.551905 -3.980380
5.531390 4.028065 1.837227 -6.144988 -5.693736 3.080535
5.769164 -3.410852 -1.763913 6.239201 -5.583655 -4.147017
5.567881 3.963251 1.841704 -6.080741 -5.781931 3.116934
5.904217 -3.465663 -1.807112 6.238726 -5.628623 -4.054655
5.603950 4.128400 1.720562 -6.239584 -5.923839 3.411636
6.128058 -3.547719 -1.916509 6.303231 -5.729735 -3.959882
5.701020 4.023380 1.828567 -6.254971 -6.148675 3.467650
6.328847 -3.658834 -1.993075 6.366016 -5.765808 -3.858543
5.731138 3.952253 1.880037 -6.299217 -6.350964 3.592688
6.537773 -3.745334 -2.103090 6.409457 -5.781957 -3.700187
5.735111 3.864005 1.938495 -6.352822 -6.566129 3.733865
6.807566 -3.920592 -2.217183 6.535434 -5.813436 -3.592225
5.765836 3.704023 2.077334 -6.402308 -6.828874 3.839951
6.872316 -4.230942 -2.046531 6.595670 -5.543188 -3.615511
5.500100 3.707933 1.908714 -6.421510 -6.879239 4.114130
7.208717 -4.485738 -2.189969 6.779442 -5.552141 -3.516904
5.498345 3.636906 2.021201 -6.581928 -7.213636 4.373623
7.627844 -5.008466 0.751243 6.474900 -5.482697 -3.634564
5.474887 3.556011 2.147964 -6.755158 -7.569215 4.665617
-0.825379 -6.585843 5.207281 3.696499 -7.823377 5.440005
5.379931 3.694878 -0.857120 -6.412717 -7.942872 5.196093
7.970403 -5.384532 -5.436910 -3.587114 0.674450 6.600622
-0.769203 -6.794573 5.073069 3.690253 -7.676657 5.669904
7.845615 -5.610156 -5.266764 -3.578380 0.629276 6.811853
-0.985237 -7.085870 5.214153 3.631413 -7.765254 5.876385
7.700936 -5.850693 -5.126030 -3.590607 0.591457 7.064711
-0.883284 -7.476431 5.105393 3.753611 -7.605679 6.192795
7.802364 -6.126953 -5.251670 -3.600613 0.727509 7.487512
-0.883701 -7.845884 5.039868 3.839507 -7.433202 6.431475
7.620521 -6.363078 -5.158928 -3.648861 0.706050 7.850644
-0.870787 -8.274105 5.007228 3.908438 -7.236713 6.652297
7.440187 -6.574596 -5.094216 -3.716525 0.697069 8.274674
-1.583630 6.655418 -4.492886 -8.444173 7.614540 0.848563
-1.635380 6.440471 -4.255336 -7.903631 7.655686 0.689167
-7.645913 -0.691223 4.593158 8.277810 1.689596 -6.389794
-1.459792 6.523523 -4.273761 -7.546727 7.912532 0.762820
-7.695247 -0.533243 4.350263 7.771400 1.734195 -6.229305
-1.603312 6.382305 -4.026964 -7.203422 7.974811 0.514763
-7.984889 -0.545267 4.342620 7.497859 1.663751 -6.336258
-1.639280 6.291508 -3.820064 -6.871841 8.015341 0.342261
-8.018742 -0.368166 4.124988 7.106946 1.717450 -6.232257
-1.702094 6.208443 -3.649496 -6.574456 8.030594 0.167751
-8.053841 -0.216308 3.922369 6.776446 1.771286 -6.163498
-1.812857 6.118765 -3.395295 -6.325558 7.993479 -0.068516
-8.075768 -0.040375 3.741720 6.499003 1.832570 -6.127344
-1.650536 6.037132 -3.393524 -5.946756 7.857887 -0.055905
-7.898095 -0.008811 3.619413 6.067635 1.718734 -5.996940
-1.709688 6.070728 -3.263388 -5.811525 7.856898 -0.220700
-7.892552 0.159158 3.478406 5.887764 1.791179 -6.020265
-1.795237 6.117226 -3.164707 -5.689955 7.829389 -0.381403
-7.880141 0.303909 3.353828 5.744148 1.869661 -6.075130
5.402057 4.132968 -7.445799 0.565145 2.015510 -6.138153
-7.856495 0.465908 3.244179 5.634625 1.955551 -6.162757
-1.958406 6.128285 7.722595 -0.626187 -5.372341 -4.135410
5.266180 4.074408 -7.181261 0.559632 1.996128 -6.198998
-1.938475 6.184831 7.411258 -0.632319 -5.221231 -4.084854
5.134631 4.038279 -6.945548 0.565599 1.966498 -6.243801
-1.935360 6.233836 7.145455 -0.629253 -5.102166 -4.048655
5.289040 3.934794 -6.883509 0.733469 2.166476 -6.371193
-1.906024 6.283042 6.922451 -0.621170 -5.013684 -4.027809
5.206250 4.006150 -6.771491 0.667132 2.069399 -6.464624
-2.066112 6.457470 6.909937 -0.735042 -5.173999 -4.023067
5.184916 4.008462 -6.662334 0.639416 2.026094 -6.504022
-2.021769 6.493667 6.755377 -0.716285 -5.138396 -4.033368
5.166044 4.038220 -6.573692 0.630520 1.974987 -6.520044
-1.996041 6.515731 6.638601 -0.695441 -5.131722 -4.061689
5.127782 4.101247 -6.497103 0.533079 1.849133 -6.516389
-1.945652 6.535117 6.558434 -0.672340 -5.156428 -4.105873
5.175559 3.942797 -6.337397 0.703433 1.937054 -6.332266
-1.978697 6.331966 6.332896 -0.761964 -5.138580 -3.969353
5.269393 4.012364 -6.366685 0.671691 1.887207 -6.332225
-1.928038 6.329325 6.320804 -0.739048 -5.218802 -4.044694
5.373143 4.105410 -6.411083 0.658353 1.834666 -6.310286
-1.896134 6.311244 6.340209 -0.714809 -5.329798 -4.136256
5.577387 -3.090112 -1.869605 6.187732 -5.576906 -4.170818
-1.845509 6.291923 6.390903 -0.688235 -5.472430 -4.245087
5.558534 4.201669 1.811816 -6.301521 -5.595526 3.031055
5.648190 -3.112606 -1.888060 6.108709 -5.645451 -4.110809
5.624507 4.140570 1.808584 -6.188308 -5.668798 3.039408
5.746177 -3.129392 -1.896832 6.053639 -5.696289 -4.035077
5.672477 4.088003 1.818120 -6.105600 -5.768804 3.066307
5.878789 -3.418436 -1.799951 6.209485 -5.747421 -4.183639
5.726674 4.013133 1.842083 -6.052796 -5.896801 3.114333
6.116607 -3.453886 -1.913211 6.234391 -5.860793 -4.067703
5.831480 4.146978 1.809223 -6.225934 -6.140177 3.380074
6.313901 -3.571121 -1.988619 6.276779 -5.900270 -3.978743
5.867606 4.054547 1.857952 -6.230157 -6.336681 3.478035
6.546072 -3.692475 -2.050738 6.340986 -5.919755 -3.877653
5.881332 3.975616 1.921550 -6.265833 -6.568417 3.604968
6.806804 -3.790807 -2.213121 6.388661 -5.957476 -3.701109
5.904492 3.876340 2.001544 -6.331786 -6.836028 3.764135
6.880130 -4.050698 -2.041898 6.421003 -5.697929 -3.690120
5.653370 3.797953 1.890560 -6.285739 -6.891065 3.943407
7.217276 -4.302479 -2.179067 6.582221 -5.705554 -3.600325
5.656516 3.704084 1.997006 -6.405812 -7.220148 4.169411
7.598686 -4.578937 -2.310882 6.765025 -5.695724 -3.507064
5.636961 3.628450 2.122602 -6.558679 -7.594984 4.438979
8.097150 -5.140003 0.725104 6.428114 -5.637800 -3.618772
5.632189 3.537845 2.275782 -6.745798 -8.018109 4.761062
-0.683159 -6.592509 5.422053 3.599115 -8.359761 5.597555
5.627526 3.619854 -0.747375 -6.420160 -8.514167 5.314905
8.556346 -5.538437 -5.692881 -3.507134 0.544929 6.613430
-0.625114 -6.804313 5.247549 3.602167 -8.188569 5.897834
8.406672 -5.836092 -5.479570 -3.507524 0.497935 6.829041
-0.575675 -7.058060 5.101791 3.627755 -8.023060 6.181794
8.228984 -6.119802 -5.306598 -3.499796 0.426477 7.082209
-0.898521 -7.314156 5.028007 3.818884 -8.104648 6.356626
8.039097 -6.328667 -5.179213 -3.457834 0.457078 7.300668
-0.856674 -7.672182 4.938738 3.892379 -7.900426 6.639463
8.142578 -6.578152 -5.084541 -3.725074 0.699177 7.684908
-1.622072 6.470098 -4.748481 -8.262321 7.965735 0.832134
-1.678918 6.297369 -4.482817 -7.749257 8.002359 0.625807
-8.009014 -0.652287 4.846471 8.112447 1.740329 -6.249120
-1.379010 6.441758 -4.218487 -7.422004 8.268039 0.750207
-8.022335 -0.513405 4.606689 7.567589 1.706180 -6.119666
-1.445762 6.316601 -3.984852 -7.041266 8.287853 0.521268
-8.326902 -0.582488 4.320804 7.321396 1.502691 -6.281592
-1.515333 6.227779 -3.771624 -6.722782 8.299829 0.274248
-8.356519 -0.353335 4.076610 6.963776 1.565422 -6.204145
-1.586497 6.173287 -3.576783 -6.458020 8.313765 0.053318
-8.362976 -0.126103 3.865926 6.644709 1.654707 -6.136919
-1.691959 6.020197 -3.654086 -6.044928 8.213104 0.095057
-8.217081 -0.126722 3.822267 6.181592 1.812627 -5.934441
-1.773866 6.035587 -3.502236 -5.871284 8.198927 -0.114770
-8.259751 0.029154 3.747086 5.984969 1.847042 -5.997109
-1.862652 6.083150 -3.368491 -5.734720 8.176685 -0.342212
-8.252506 0.241736 3.582957 5.825422 1.929031 -6.053632
-1.958182 6.164071 -3.249458 -5.633041 8.150083 -0.545878
-8.218872 0.449983 3.453866 5.679837 2.039060 -6.123366
5.435350 4.134520 -7.720264 0.751592 2.174760 -6.216203
-8.144795 0.590242 3.374205 5.525541 2.055804 -6.213360
-2.049572 6.185527 7.996982 -0.759485 -5.328240 -4.160241
5.272368 4.091142 -7.408199 0.744783 2.113851 -6.282148
-2.079608 6.272745 7.682915 -0.824743 -5.241752 -4.099468
5.141280 4.063026 -7.143545 0.730730 2.027834 -6.349047
-2.020083 6.344415 7.386113 -0.802917 -5.123758 -4.070771
5.041850 4.048251 -6.922037 0.710517 1.962310 -6.408028
-1.951475 6.399119 7.118323 -0.791559 -5.008335 -4.064785
5.255388 3.879119 -6.847646 0.644352 2.196546 -6.505965
-1.935482 6.406603 6.860413 -0.812979 -4.958254 -3.991159
5.204905 3.894722 -6.700758 0.612999 2.112412 -6.552561
-2.133522 6.550304 6.833503 -0.696690 -5.175641 -3.915208
5.183706 3.928178 -6.592202 0.579680 2.005504 -6.596918
-2.050610 6.600925 6.695495 -0.650994 -5.165776 -3.947460
5.194277 3.977229 -6.520640 0.543884 1.916623 -6.628065
-1.960127 6.628792 6.579659 -0.623446 -5.162043 -4.004571
5.117979 4.017960 -6.349429 0.794567 2.048904 -6.455307
-2.042673 6.437103 6.347006 -0.797468 -5.024281 -4.065714
5.188874 4.100273 -6.342883 0.761068 1.961867 -6.462916
-2.023674 6.465370 6.336174 -0.834956 -5.150291 -4.130738
5.291019 4.198945 -6.367935 0.725733 1.854817 -6.470473
-1.937456 6.476638 6.336311 -0.787543 -5.260355 -4.228482
5.425273 4.315418 -6.424383 0.687694 1.766464 -6.463703
-1.848131 6.466026 6.351143 -0.759999 -5.379956 -4.350641
5.613444 -3.027339 -1.779021 6.318050 -5.670509 -4.384082
-1.814743 6.395731 6.360700 -0.774740 -5.551744 -4.406003
5.649997 4.357557 1.770793 -6.405350 -5.634458 2.899472
5.688876 -3.023928 -1.787327 6.204749 -5.759208 -4.292215
5.736739 4.345485 1.713219 -6.321994 -5.712091 2.962456
5.791588 -3.039246 -1.808412 6.122570 -5.855972 -4.176317
5.830819 4.254612 1.738046 -6.211405 -5.817426 2.990257
5.922413 -3.076283 -1.844571 6.070347 -5.935915 -4.071817
5.907465 4.145807 1.750285 -6.124996 -5.950574 3.010376
6.015404 -3.433543 -1.977922 6.143303 -5.939343 -4.232252
5.914300 4.061741 1.725423 -6.055173 -6.038316 3.105080
6.214687 -3.515128 -2.042177 6.154283 -6.002380 -4.107083
5.971793 4.209954 1.924972 -6.144831 -6.239668 3.439707
6.448348 -3.627090 -2.123927 6.195732 -6.075858 -3.962127
6.039809 4.085588 2.007488 -6.157318 -6.474106 3.556268
6.720789 -3.770543 -2.221376 6.268613 -6.129648 -3.829907
6.088281 3.949276 2.077736 -6.192549 -6.744846 3.678651
6.963554 -3.850961 -1.945516 6.317019 -5.849183 -3.860553
5.811801 3.915666 1.860785 -6.170334 -6.967978 3.683826
7.305800 -4.067797 -2.066055 6.439296 -5.880066 -3.736494
5.826588 3.862454 1.895067 -6.306322 -7.313725 3.949545
7.692541 -4.330394 -2.210761 6.592968 -5.929089 -3.594098
5.864517 3.739358 2.036989 -6.431830 -7.696442 4.207825
8.134372 -4.644673 -2.380896 6.782793 -5.961441 -3.466774
5.889514 3.608896 2.172470 -6.578642 -8.126084 4.491872
8.626301 -5.265400 0.537502 6.429995 -5.829979 -3.586117
5.819804 3.525907 2.256763 -6.730611 -8.529687 4.870675
-0.678623 -6.533669 5.561676 3.585393 -8.942127 5.770615
5.717467 3.639754 -0.669853 -6.365672 -9.027196 5.473117
9.089254 -5.721499 -5.791035 -3.511592 0.450824 6.551611
-0.602895 -6.752672 5.358234 3.594791 -8.782762 6.095282
9.009633 -6.040534 -5.628160 -3.481240 0.441065 6.778623
-1.551221 6.357007 -4.875202 -8.064332 8.342583 0.832659
-1.541617 6.206211 -4.623994 -7.521314 8.350778 0.663352
-8.368915 -0.704105 5.005371 7.863184 1.617770 -6.151527
-1.320308 6.361357 -4.286874 -7.266896 8.650355 0.710348
-8.404239 -0.496043 4.729848 7.392549 1.675677 -6.041292
-1.405966 6.266152 -4.037175 -6.917042 8.678015 0.455637
-8.728636 -0.527869 4.389234 7.175308 1.480735 -6.222045
-1.491805 6.185063 -3.797146 -6.604640 8.673957 0.203092
-8.748864 -0.297402 4.146214 6.822544 1.553294 -6.157536
-1.681012 5.964847 -3.764364 -6.154090 8.526034 0.177481
-8.585778 -0.260189 4.056445 6.320826 1.763819 -5.919037
-1.709690 6.015503 -3.664096 -5.966272 8.563205 -0.001122
-8.582035 -0.045381 3.870186 6.081001 1.843233 -5.927625
-1.814657 6.060744 -3.502011 -5.816852 8.556361 -0.236776
-8.629137 0.142309 3.756138 5.913100 1.904059 -6.014358
-1.922317 6.118672 -3.350340 -5.683452 8.514395 -0.466637
-8.606838 0.354239 3.603697 5.750369 1.999676 -6.084641
-1.963200 6.199902 -3.276839 -5.539601 8.438055 -0.629834
-8.519975 0.526771 3.488436 5.570990 2.056906 -6.151007
5.433725 4.083883 -7.964309 0.820708 2.216705 -6.273385
-8.477234 0.728267 3.372435 5.475593 2.167790 -6.287253
-2.160238 6.259169 8.305107 -0.913670 -5.387313 -4.095219
5.339195 4.016770 -7.643036 0.860955 2.230332 -6.364186
-2.119443 6.328880 7.907651 -0.910265 -5.223720 -4.053497
5.203943 4.002127 -7.350837 0.833160 2.154968 -6.445241
-2.126012 6.431750 7.611791 -0.930276 -5.156590 -4.021716
5.079710 3.991277 -7.080885 0.797672 2.068070 -6.501369
-2.073170 6.496201 7.313233 -0.910320 -5.053462 -4.007423
5.012579 3.931858 -6.830021 0.815130 2.034668 -6.517446
-2.031778 6.506703 7.012734 -0.910433 -4.966224 -3.958489
5.224920 3.846074 -6.799768 0.671453 2.216872 -6.664797
-1.969557 6.559532 6.803380 -0.881483 -4.920262 -3.972966
5.198578 3.893252 -6.671365 0.623108 2.116143 -6.724370
-2.145013 6.721392 6.790333 -0.720519 -5.155183 -3.924060
5.185141 3.945264 -6.559270 0.573013 2.006764 -6.753420
-2.064694 6.759218 6.651213 -0.683633 -5.158291 -3.972373
5.030844 4.027455 -6.338329 0.751461 2.071887 -6.569133
-2.120094 6.568505 6.385522 -0.839528 -4.983393 -4.062074
5.148448 4.088007 -6.331998 0.767281 2.033734 -6.599420
-2.040340 6.582401 6.319203 -0.806940 -5.046725 -4.142615
5.245044 4.203874 -6.342125 0.719497 1.931261 -6.619058
-1.998909 6.620599 6.323262 -0.804947 -5.190727 -4.243024
5.356313 4.324342 -6.362522 0.671020 1.823474 -6.608782
-1.918015 6.615852 6.319069 -0.771085 -5.315610 -4.359875
5.516658 4.401352 -6.382483 0.688511 1.774936 -6.544693
-1.859213 6.546287 6.298222 -0.770776 -5.452109 -4.443037
5.585366 -2.959795 -1.799169 6.363739 -5.779799 -4.503930
-1.782072 6.524593 6.354704 -0.734799 -5.644529 -4.594398
5.758713 4.540619 1.730472 -6.534754 -5.609047 2.884181
5.653433 -3.017514 -1.763866 6.273654 -5.878449 -4.475010
5.853905 4.463380 1.717969 -6.365724 -5.681347 2.880142
5.768103 -3.024704 -1.793846 6.171836 -5.988892 -4.371722
5.963798 4.432861 1.703911 -6.281190 -5.796860 2.946269
5.893936 -3.038123 -1.828629 6.081080 -6.074529 -4.246249
6.047269 4.337916 1.717859 -6.174216 -5.924356 2.977794
5.993756 -3.112932 -1.806738 6.021985 -6.096142 -4.148209
6.066733 4.229569 1.698853 -6.069154 -6.024794 3.030408
6.181677 -3.442757 -2.036048 6.108084 -6.165879 -4.277434
6.136690 4.121490 1.737447 -6.022423 -6.209775 3.103349
6.431480 -3.538457 -2.122727 6.132145 -6.250300 -4.140897
6.217347 4.250450 1.989037 -6.112903 -6.458784 3.442514
6.699184 -3.652438 -2.217556 6.167009 -6.310392 -3.985350
6.271162 4.122818 2.058506 -6.129857 -6.726205 3.568147
6.953362 -3.638169 -1.994666 6.156690 -6.044817 -3.938471
6.000249 4.053936 1.839071 -6.080850 -6.969510 3.524275
7.301586 -3.896067 -2.054853 6.293977 -6.070626 -3.867155
6.029161 3.933721 1.926442 -6.146876 -7.302386 3.712405
7.710517 -4.137208 -2.201850 6.430077 -6.126752 -3.730159
6.068216 3.861210 2.013615 -6.288294 -7.712627 3.993450
8.148337 -4.413971 -2.364664 6.578862 -6.161529 -3.581249
6.088972 3.738459 2.139936 -6.413942 -8.145036 4.270878
8.586961 -4.780265 -2.453327 6.742813 -6.105226 -3.483782
6.030236 3.626121 2.225094 -6.531079 -8.561917 4.593696
-1.526707 6.117554 -4.755417 -7.351855 8.768456 0.625919
-1.266257 6.299518 -4.313560 -7.119329 9.080154 0.659203
-8.828429 -0.461032 4.873947 7.214747 1.659090 -5.975196
-1.350858 6.217107 -4.054564 -6.775175 9.085614 0.378696
-9.170308 -0.478622 4.428207 7.019884 1.424784 -6.181209
-1.637186 5.955135 -4.018910 -6.290450 8.939863 0.334169
-9.005887 -0.420896 4.330561 6.481091 1.736209 -5.899050
-1.728027 5.951784 -3.821121 -6.058368 8.926180 0.073498
-9.015031 -0.179260 4.130900 6.216429 1.813282 -5.911059
-1.739406 6.026414 -3.636997 -5.900105 8.956371 -0.114565
-8.986986 0.058016 3.942618 5.974034 1.892515 -5.931666
-1.846336 6.083829 -3.475104 -5.749666 8.927414 -0.371135
-9.030192 0.255808 3.743068 5.836015 1.937068 -6.042169
-1.970122 6.143851 -3.407304 -5.577553 8.853418 -0.548564
-8.942577 0.443289 3.631264 5.627763 2.079558 -6.086758
-2.092302 6.271345 -3.282767 -5.493565 8.807161 -0.793628
-8.914838 0.671980 3.508288 5.516685 2.190248 -6.224236
5.496381 4.023453 -8.282096 0.993174 2.361311 -6.371898
-8.849135 0.892862 3.394513 5.416433 2.304703 -6.376948
-2.292726 6.351598 8.652840 -1.091614 -5.428877 -4.043430
5.318343 3.987859 -7.881425 0.974010 2.278201 -6.450022
-2.246909 6.437236 8.217893 -1.088947 -5.273629 -4.004990
5.259185 3.918765 -7.562408 0.937000 2.287901 -6.540917
-2.187320 6.500517 7.815927 -1.075292 -5.131501 -3.968562
5.141699 3.909259 -7.265525 0.902107 2.194044 -6.614137
-2.190766 6.604463 7.521616 -1.018976 -5.098174 -3.933727
5.023382 3.904587 -6.985061 0.927898 2.160669 -6.641793
-2.148889 6.625847 7.189364 -1.026108 -4.958466 -3.940693
4.965435 3.923754 -6.778640 0.885690 2.059044 -6.703515
-2.080192 6.697436 6.958093 -0.998641 -4.921840 -3.955320
5.207179 3.831037 -6.750622 0.662815 2.235115 -6.852289
-1.998336 6.740438 6.743347 -0.966345 -4.891561 -3.974722
5.196179 3.884478 -6.619013 0.613597 2.115347 -6.900645
-2.168178 6.904487 6.732522 -0.726446 -5.154846 -3.919252
4.993707 4.027961 -6.375537 0.806565 2.175620 -6.723586
-2.217833 6.720050 6.443331 -0.895749 -4.930565 -4.070826
5.045976 4.115373 -6.315727 0.763364 2.059237 -6.748641
-2.128169 6.752788 6.359948 -0.865618 -4.997956 -4.154221
5.188833 4.180717 -6.317382 0.708475 2.015533 -6.770069
-2.032126 6.753732 6.287037 -0.836308 -5.075683 -4.243285
5.302439 4.304765 -6.321594 0.662818 1.896165 -6.777691
-1.984876 6.784420 6.299551 -0.762125 -5.247370 -4.346960
5.420990 4.442452 -6.317126 0.697604 1.844019 -6.718449
-1.921873 6.718497 6.254725 -0.778666 -5.341924 -4.491044
5.604648 4.603823 -6.381401 0.650390 1.729230 -6.709935
-1.833030 6.714095 6.294252 -0.747393 -5.535947 -4.648606
5.566935 -2.944304 -1.745078 6.500374 -5.902769 -4.721960
-1.741677 6.679769 6.342430 -0.715026 -5.749773 -4.810957
5.880642 4.752379 1.681952 -6.690153 -5.594186 2.849006
5.639374 -2.927021 -1.745992 6.331078 -6.021507 -4.612944
5.998492 4.675077 1.660095 -6.504662 -5.668911 2.851108
5.717522 -3.011156 -1.782891 6.216594 -6.121246 -4.574680
6.093409 4.573775 1.648256 -6.332220 -5.752860 2.858902
5.845553 -3.028254 -1.811238 6.112646 -6.230202 -4.448038
6.204540 4.534953 1.706108 -6.222619 -5.879058 2.949948
5.987058 -3.038878 -1.766515 6.039538 -6.261452 -4.350395
6.232540 4.426531 1.665740 -6.103166 -6.021779 2.938325
6.175634 -3.099113 -1.818511 5.995753 -6.358270 -4.211681
6.326949 4.316460 1.695990 -6.044515 -6.210831 3.013958
6.379709 -3.452618 -2.132329 6.063890 -6.427349 -4.328271
6.394565 4.185440 1.729959 -5.994475 -6.412902 3.099442
6.651804 -3.563530 -2.218220 6.086809 -6.511256 -4.169048
6.476869 4.301967 2.069025 -6.067104 -6.680998 3.462889
6.961950 -3.479848 -1.957701 6.068884 -6.244695 -4.111627
6.202929 4.222575 1.814469 -6.012158 -6.980100 3.351151
7.306030 -3.656358 -2.060379 6.139229 -6.306411 -3.959579
6.255999 4.095830 1.889819 -6.065659 -7.321494 3.534591
7.688339 -3.942922 -2.206556 6.269117 -6.329823 -3.874902
6.283884 3.954903 1.971840 -6.126625 -7.684438 3.742652
8.136666 -4.208284 -2.352339 6.401490 -6.385415 -3.719160
6.319432 3.869964 2.145487 -6.259795 -8.133612 4.052193
8.628624 -4.504149 -2.402859 6.543242 -6.330882 -3.617463
6.260435 3.752273 2.191999 -6.357501 -8.603596 4.306098
-1.481514 6.049658 -4.863643 -7.170949 9.226286 0.594367
-1.225379 6.248378 -4.357965 -6.970341 9.555367 0.586636
-9.307837 -0.411930 4.984807 7.045085 1.650731 -5.927138
-1.575870 5.943921 -4.276263 -6.445864 9.390799 0.499030
-9.488432 -0.609940 4.649849 6.668162 1.669969 -5.896022
-1.646644 5.943271 -4.045703 -6.188068 9.388885 0.232649
-9.477337 -0.334645 4.405260 6.356996 1.759118 -5.884183
-1.750476 5.950304 -3.859241 -5.955640 9.358568 -0.030482
-9.466249 -0.085755 4.180837 6.095738 1.852261 -5.902675
-1.786778 6.048361 -3.629496 -5.828414 9.392085 -0.251964
-9.442980 0.180717 3.981818 5.878402 1.955325 -5.951429
-1.958170 6.082172 -3.526335 -5.631011 9.304687 -0.464854
-9.423516 0.341185 3.801257 5.701271 2.065224 -6.032133
-2.066526 6.207686 -3.380828 -5.533698 9.269736 -0.717882
-9.380629 0.600189 3.644197 5.560064 2.188668 -6.146718
-2.207832 6.353014 -3.273730 -5.444365 9.205061 -0.963431
-9.329353 0.834149 3.506872 5.451217 2.322301 -6.297266
5.557531 3.949672 -8.626181 1.163974 2.501037 -6.480778
-9.269549 1.084135 3.385423 5.373237 2.465398 -6.486659
-2.450094 6.463357 9.044296 -1.297190 -5.498404 -3.969662
5.392985 3.905675 -8.179523 1.132818 2.435833 -6.568244
-2.381628 6.545580 8.540209 -1.276172 -5.315964 -3.936086
5.230898 3.882859 -7.779854 1.111047 2.357659 -6.640717
-2.334043 6.624922 8.101726 -1.244870 -5.170634 -3.911939
5.190843 3.840032 -7.477240 1.025959 2.342463 -6.746710
-2.256665 6.703602 7.722666 -1.208331 -5.055377 -3.902237
5.031236 3.862462 -7.152629 1.029503 2.282870 -6.777596
-2.287426 6.766267 7.393020 -1.160431 -4.972557 -3.898880
4.986290 3.870440 -6.919280 0.977068 2.195062 -6.850717
-2.197566 6.835776 7.114445 -1.116024 -4.914074 -3.916225
4.938964 3.905091 -6.712777 0.942157 2.096339 -6.902689
-2.124903 6.896015 6.878677 -1.068513 -4.881460 -3.948207
5.197417 3.836084 -6.698977 0.670105 2.247131 -7.068623
-2.025909 6.952842 6.683311 -1.020114 -4.875481 -3.995321
4.953594 4.010647 -6.423364 0.845656 2.278446 -6.893521
-2.336847 6.895892 6.523297 -0.965527 -4.896414 -4.054018
5.012113 4.089619 -6.343794 0.793674 2.169864 -6.927470
-2.225055 6.926661 6.401720 -0.921201 -4.940515 -4.140130
5.075707 4.195869 -6.280948 0.763701 2.055702 -6.936803
-2.132174 6.942026 6.313840 -0.877869 -5.013765 -4.243380
5.238474 4.295492 -6.299284 0.666984 1.989478 -6.968771
-2.018586 6.954578 6.257246 -0.834261 -5.115746 -4.365321
5.320264 4.462633 -6.265052 0.686687 1.909963 -6.910926
-2.003099 6.916954 6.232413 -0.796267 -5.247953 -4.512051
5.506147 4.619357 -6.311631 0.633563 1.801070 -6.907889
-1.891608 6.909863 6.237083 -0.753666 -5.416344 -4.673220
5.709634 4.804954 -6.370293 0.601942 1.692141 -6.882043
-1.801302 6.885596 6.271908 -0.710598 -5.622005 -4.855914
5.533903 -2.932990 -1.707979 6.639583 -6.038462 -4.947944
-1.693500 6.863389 6.336495 -0.664026 -5.867943 -5.060282
6.016888 4.997390 1.625520 -6.873783 -5.564031 2.841984
5.598393 -2.929838 -1.709735 6.444881 -6.166592 -4.852229
6.142892 4.899287 1.605387 -6.642349 -5.632713 2.824195
5.691099 -2.915755 -1.703053 6.281253 -6.277569 -4.737707
6.253567 4.809649 1.600222 -6.447113 -5.727099 2.822897
5.806381 -3.002108 -1.786335 6.164530 -6.399487 -4.680415
6.369605 4.695845 1.609296 -6.286627 -5.849318 2.839108
5.962613 -2.967721 -1.748058 6.056876 -6.444584 -4.558482
6.417858 4.653856 1.629324 -6.158796 -6.000741 2.872203
6.144135 -3.036820 -1.802526 5.994713 -6.549689 -4.430883
6.520073 4.522234 1.660127 -6.062792 -6.183886 2.924404
6.361222 -3.101781 -1.839662 5.955895 -6.634248 -4.287202
6.602162 4.400109 1.702351 -5.996527 -6.400275 2.997782
6.613052 -3.460658 -2.213353 6.025522 -6.728643 -4.382443
6.692837 4.256253 1.756673 -5.958642 -6.651327 3.095551
6.946891 -3.324706 -1.950369 5.984831 -6.470451 -4.290008
6.430541 4.419795 1.790842 -5.965059 -6.970038 3.203072
7.288765 -3.500103 -2.051435 6.038900 -6.535938 -4.144259
6.491157 4.269184 1.863779 -5.983848 -7.305956 3.356283
7.678343 -3.690020 -2.136553 6.111529 -6.581552 -3.989961
6.528198 4.131745 1.949489 -6.030474 -7.689357 3.543857
8.130903 -3.991552 -2.341154 6.247313 -6.630231 -3.884556
6.579556 3.978593 2.053711 -6.103113 -8.120700 3.772822
8.640889 -4.229448 -2.389181 6.356776 -6.589859 -3.751814
6.518232 3.905008 2.165035 -6.209909 -8.624232 4.044319
-3.463441 5.785071 -6.239135 -6.465524 10.457224 -0.232263
-3.546167 5.873166 -5.971689 -6.128039 10.443608 -0.576973
-10.517264 0.451317 6.391658 6.340908 3.720135 -5.806230
-3.633942 5.989594 -5.726931 -5.839266 10.438987 -0.891030
-10.498574 0.773459 6.131625 5.996895 3.829261 -5.913473
-3.742182 6.136876 -5.515830 -5.594356 10.390074 -1.350032
-10.550615 1.156069 5.834626 5.786242 3.845491 -6.137815
-3.846114 6.316063 -5.311275 -5.389747 10.384281 -1.665245
-10.451079 1.535071 5.669621 5.469102 4.047465 -6.252137
-3.961891 6.530304 -5.128611 -5.220757 10.367404 -2.012576
-10.458055 1.860845 5.452793 5.282051 4.147642 -6.483357
-4.089193 6.783149 -4.963851 -5.085304 10.353261 -2.337034
-10.430917 2.188825 5.278541 5.098737 4.294575 -6.726309
4.922232 4.941905 -9.766824 2.490956 4.245376 -7.096547
-9.611686 1.403863 5.885747 3.900373 2.782427 -6.524774
-2.526922 6.679819 9.590770 -1.454667 -3.130962 -5.375622
4.766403 4.938522 -9.206657 2.471100 4.049168 -7.174198
-4.049011 7.157471 9.713159 -2.634090 -4.668022 -4.979972
4.643896 4.948747 -8.720781 2.447035 3.831216 -7.255746
-3.859066 7.243803 9.178307 -2.596462 -4.565847 -4.989273
4.552645 4.969583 -8.297099 2.415411 3.655358 -7.328127
-3.671203 7.310218 8.688232 -2.578016 -4.454578 -5.019913
4.487633 5.008591 -7.932259 2.385467 3.330619 -7.429178
-3.452157 7.440884 8.327515 -2.481877 -4.489704 -5.033482
4.454058 5.053449 -7.614078 2.345120 3.169277 -7.495022
-3.200690 7.475951 7.905471 -2.507299 -4.358954 -5.112558
4.445558 5.114219 -7.341773 2.303627 2.981244 -7.562697
-3.041247 7.549898 7.600542 -2.451374 -4.370694 -5.170893
4.464829 5.187915 -7.110671 2.259462 2.823630 -7.617645
-2.876597 7.599431 7.317520 -2.419771 -4.374183 -5.253304
4.506747 5.287423 -6.920891 2.223510 2.069554 -7.816308
-2.499738 7.937042 7.310571 -2.092741 -4.790174 -5.222188
4.581481 5.386944 -6.761409 2.170287 1.918222 -7.871887
-1.984290 7.848605 6.883830 -2.330598 -4.498149 -5.466239
4.685847 5.503239 -6.636558 2.117352 1.735532 -7.929156
-1.831041 7.912245 6.734668 -2.262603 -4.620946 -5.579447
4.819312 5.638754 -6.543974 2.064000 1.577536 -7.974107
-1.668928 7.950516 6.596407 -2.221346 -4.738537 -5.723688
4.985489 5.791039 -6.482003 2.007241 1.271899 -8.055552
-1.460203 8.060656 6.560039 -2.096902 -4.989230 -5.850922
5.187939 5.963344 -6.450871 1.950199 1.102480 -8.095063
-1.220640 8.068418 6.435928 -2.106503 -5.109103 -6.054698
5.429185 6.157524 -6.449897 1.891337 0.899427 -8.141016
-1.047056 8.116653 6.414195 -2.033707 -5.363222 -6.246502
5.712306 6.376201 -6.478809 1.829665 0.717211 -8.175613
-0.864447 8.143099 6.397423 -1.987143 -5.627342 -6.471098
6.509322 -1.908197 -0.627848 7.860827 -6.087538 -6.547915
-1.675897 7.088320 5.451612 -2.991971 -6.039486 -5.336101
6.112295 5.291304 1.504139 -7.076687 -6.474560 0.470135
6.625861 -1.904556 -0.576839 7.595395 -6.225852 -6.371902
6.181230 6.458455 0.479496 -7.900437 -6.658646 1.768461
6.770170 -1.917329 -0.539434 7.368204 -6.376082 -6.175467
6.327488 6.286922 0.447606 -7.636622 -6.806325 1.798243
6.941222 -1.950792 -0.518286 7.174216 -6.500186 -5.998607
6.448888 6.100892 0.392672 -7.402962 -6.977926 1.814405
7.138797 -2.005692 -0.511926 7.009735 -6.722801 -5.717702
6.662546 5.913593 0.468957 -7.222067 -7.184135 1.953537
7.371666 -2.079748 -0.514249 6.878226 -6.837745 -5.540366
6.777150 5.655642 0.364540 -7.034319 -7.412608 1.939304
7.637816 -2.178152 -0.529804 6.774345 -6.969794 -5.340687
6.901961 5.480279 0.386296 -6.902089 -7.679956 2.050361
7.942902 -2.302001 -0.555478 6.698769 -7.074820 -5.159778
7.001668 5.290297 0.379199 -6.788778 -7.981370 2.152744
8.240481 -2.480572 -0.638657 6.623669 -7.683312 -4.527349
7.573325 5.018009 0.870519 -6.802603 -8.323883 2.672426
8.621890 -2.669284 -0.697617 6.597390 -7.813867 -4.335560
7.721478 4.482676 0.493614 -6.621424 -8.676243 2.514281
9.050834 -2.896532 -0.773500 6.595939 -7.973357 -4.114561
7.867284 4.289228 0.575145 -6.596321 -9.103793 2.748729
9.538874 -3.165428 -0.861943 6.621649 -8.113478 -3.908993
7.996850 4.078705 0.628085 -6.583315 -9.581994 2.989814
10.073235 -3.491644 -0.989689 6.668520 -8.410078 -3.572297
8.258545 3.838623 0.843153 -6.642019 -10.131982 3.383171
-3.955596 6.248805 -5.607183 -5.470050 11.095155 -1.580148
-4.089618 6.475080 -5.387620 -5.291222 11.107521 -1.945318
-11.195899 1.802102 5.768362 5.351184 4.327958 -6.403451
-4.239654 6.710778 -5.180218 -5.121618 11.070227 -2.309968
-11.191775 2.140567 5.566066 5.150101 4.451809 -6.660809
-2.736210 6.510491 -5.837562 -3.915252 10.143729 -1.562963
-10.296677 1.423164 6.177045 3.949205 2.900130 -6.437074
3.239565 5.307553 -9.675423 1.592361 2.833680 -6.883923
-10.138452 1.667061 6.022154 3.786610 3.016330 -6.677514
-2.735696 6.839359 10.100425 -1.727864 -3.070988 -5.370214
4.805066 4.851438 -9.743364 2.760632 4.376497 -7.439680
-2.704041 6.950417 9.519270 -1.745522 -3.031028 -5.369096
4.679835 4.878793 -9.197499 2.707292 4.158077 -7.535215
-4.164594 7.514932 9.698448 -2.904245 -4.554905 -4.938254
4.559327 4.904876 -8.687719 2.651889 3.936990 -7.597827
-3.986926 7.588434 9.143610 -2.864885 -4.470863 -4.957727
4.576803 4.934327 -8.320602 2.541273 3.692342 -7.737998
-3.715812 7.717711 8.707937 -2.736762 -4.456061 -5.003017
4.433774 5.013466 -7.890233 2.537281 3.410632 -7.770060
-3.552129 7.787688 8.279814 -2.690726 -4.424849 -5.048094
4.427600 5.090376 -7.586020 2.471597 3.226254 -7.855161
-3.266993 7.834332 7.870251 -2.660477 -4.311784 -5.167035
4.422453 5.170135 -7.296992 2.409332 3.033548 -7.903317
-3.113068 7.893599 7.550437 -2.613494 -4.337371 -5.239343
4.828530 5.145606 -7.287379 2.060380 2.633405 -8.253197
-2.699044 8.237295 7.488373 -2.256765 -4.719815 -5.233118
4.520581 5.404527 -6.866305 2.284945 2.089229 -8.163314
-2.537184 8.297942 7.245399 -2.197109 -4.791981 -5.342280
4.628576 5.541319 -6.723786 2.212425 1.914235 -8.241609
-1.988031 8.215579 6.835615 -2.393019 -4.524288 -5.639326
4.738559 5.686431 -6.586805 2.143315 1.725426 -8.281606
-1.839491 8.266817 6.674420 -2.341059 -4.663201 -5.775526
4.976848 5.836208 -6.558345 2.011653 1.492875 -8.408170
-1.594554 8.383265 6.599049 -2.189933 -4.875356 -5.939861
5.089837 6.048154 -6.438407 1.998267 1.227992 -8.418926
-1.433463 8.425482 6.503861 -2.136882 -5.079989 -6.120068
5.334185 6.270555 -6.425721 1.923116 1.030912 -8.484304
-1.157379 8.453848 6.399193 -2.097599 -5.231539 -6.378068
5.593549 6.503452 -6.415170 1.850017 0.820711 -8.515184
-0.987462 8.489825 6.363699 -2.044953 -5.512938 -6.603473
6.020425 5.394883 -5.480562 2.904941 1.597127 -7.401750
-1.718389 7.405007 5.433021 -3.060101 -5.883509 -5.458686
6.442672 -0.526903 -1.504421 7.061837 -6.328895 -5.611259
-1.611807 7.339244 5.402982 -3.039542 -6.192082 -5.662624
6.277691 5.615372 1.422499 -7.326426 -6.489352 0.362586
6.592521 -1.853618 -0.489056 7.871232 -6.476570 -6.796306
6.450603 5.559035 1.358791 -7.063558 -6.614342 0.399833
6.753173 -1.858517 -0.465933 7.608260 -6.644907 -6.603500
6.598769 6.704680 0.341141 -7.918401 -6.794569 1.696714
6.920919 -1.866471 -0.437703 7.361053 -6.778546 -6.387518
6.729023 6.523373 0.290781 -7.649294 -6.964265 1.732264
7.142659 -1.982249 -0.523101 7.183409 -7.016010 -6.182088
6.964017 6.298732 0.371800 -7.413760 -7.188596 1.818205
7.373810 -1.956894 -0.442137 6.988624 -7.141715 -5.897302
7.081538 6.115139 0.344838 -7.216112 -7.423584 1.887419
7.664442 -2.043743 -0.469068 6.863810 -7.291445 -5.703567
7.228366 5.830706 0.296944 -7.020221 -7.711169 1.875617
7.970199 -2.136968 -0.488555 6.744387 -7.404979 -5.486551
7.333718 5.647085 0.288814 -6.885593 -8.016392 1.990920
8.317198 -2.642337 -1.008843 6.759149 -8.012298 -5.195560
7.941684 5.354114 0.799345 -6.839566 -8.371903 2.462113
8.700751 -2.468714 -0.639681 6.580682 -8.178476 -4.637328
8.065124 5.147471 0.833617 -6.766732 -8.785601 2.637350
9.166708 -2.682356 -0.725735 6.565430 -8.357193 -4.425301
8.257847 4.582980 0.500472 -6.585954 -9.222837 2.494567
9.663514 -2.915615 -0.808308 6.551266 -8.508107 -4.188096
8.391673 4.383211 0.547977 -6.556722 -9.715948 2.743443
3.119826 5.316494 -9.613761 1.895186 3.018065 -7.206763
4.703673 4.786794 -9.712895 3.004107 4.521257 -7.834293
-2.892142 7.273291 9.449550 -2.060800 -2.942695 -5.390960
4.599983 4.814974 -9.142682 2.938807 4.274591 -7.914334
-4.321777 7.903319 9.651155 -3.172466 -4.481273 -4.883415
4.545057 4.912558 -8.718845 2.829878 4.016498 -8.068165
-4.033355 8.043074 9.151324 -3.042431 -4.390268 -5.000287
4.498764 4.966237 -8.281052 2.761061 3.788737 -8.146922
-3.850308 8.136023 8.675801 -2.990060 -4.381847 -5.044900
4.392756 5.045350 -7.843517 2.658979 3.496365 -8.164118
-3.655853 8.189061 8.226844 -2.938488 -4.369346 -5.091846
4.403111 5.126593 -7.521863 2.592145 3.284187 -8.234531
-3.360680 8.224122 7.810053 -2.808961 -4.291916 -5.211884
4.760013 5.166462 -7.470606 2.251138 2.882613 -8.604172
-2.940523 8.583622 7.702598 -2.456133 -4.620713 -5.274525
4.818220 5.286071 -7.229354 2.172329 2.660625 -8.678757
-2.762905 8.674693 7.432346 -2.396162 -4.712489 -5.383111
4.547936 5.557865 -6.812252 2.312547 2.104657 -8.568043
-2.568612 8.718308 7.174527 -2.339014 -4.803911 -5.499963
4.674664 5.706130 -6.656009 2.243702 1.901180 -8.634804
-2.007533 8.618600 6.768379 -2.447044 -4.573153 -5.812933
4.864050 5.935238 -6.597638 2.125760 1.666618 -8.780677
-1.759102 8.751490 6.662301 -2.307469 -4.735332 -6.058483
5.059713 6.132319 -6.508209 2.057933 1.450728 -8.842086
-1.583289 8.823967 6.549282 -2.258375 -4.956345 -6.246033
5.210979 6.358812 -6.402161 1.953145 1.170046 -8.844547
-1.393883 8.854015 6.438424 -2.214273 -5.186431 -6.443180
5.484513 6.604767 -6.375813 1.885774 0.945178 -8.903085
-1.101298 8.877862 6.348227 -2.080095 -5.377539 -6.720796
5.866477 5.525745 -5.456839 2.992724 1.664972 -7.762031
-1.784707 7.767573 5.436195 -3.149514 -5.714725 -5.599750
6.175974 5.750585 -5.433695 2.961416 1.512438 -7.709720
-1.654781 7.716571 5.390455 -3.133325 -6.028545 -5.816485
6.465376 -0.412399 -1.407683 7.329800 -6.515766 -5.995369
-1.536749 7.629903 5.337451 -3.127407 -6.363388 -6.037890
6.462787 5.988852 1.328088 -7.615744 -6.518277 0.214569
6.593167 -0.436343 -1.356148 7.057204 -6.721473 -5.901722
6.664880 5.939555 1.255750 -7.333768 -6.652031 0.272343
6.709293 -1.794491 -0.377437 7.867727 -6.926867 -7.075128
6.849969 5.852636 1.188878 -7.062875 -6.790891 0.316527
6.884290 -1.811034 -0.344453 7.593813 -7.094679 -6.845579
7.050005 6.988402 0.197643 -7.918589 -6.934741 1.647100
7.158034 -1.843426 -0.401899 7.388919 -7.350547 -6.636445
7.300990 6.755661 0.254917 -7.651298 -7.212847 1.646466
7.402275 -1.896507 -0.391924 7.187594 -7.510019 -6.405586
7.457578 6.561761 0.219431 -7.433136 -7.456843 1.727314
7.657913 -1.899133 -0.405391 6.958308 -7.630888 -6.098247
7.572750 6.339086 0.176350 -7.224446 -7.712633 1.809375
7.975471 -1.997608 -0.415716 6.824228 -7.781109 -5.870391
7.717024 6.033983 0.224474 -6.992182 -8.028688 1.823485
8.379561 -2.427795 -0.912944 6.803311 -8.416808 -5.594394
8.351076 5.752029 0.712056 -6.909125 -8.444007 2.215925
8.813150 -2.587100 -0.967375 6.732490 -8.594037 -5.340541
8.519574 5.536934 0.736031 -6.823223 -8.873606 2.395900
9.245419 -2.448646 -0.683944 6.534389 -8.764143 -4.759739
8.648237 5.291716 0.751746 -6.740885 -9.331307 2.591550
9.766272 -2.683344 -0.752886 6.509577 -8.954931 -4.514746
8.847377 4.706119 0.506523 -6.538011 -9.825005 2.482116
4.615617 4.747227 -9.674826 3.284798 4.678649 -8.286594
4.501206 4.883107 -9.164689 3.137110 4.360147 -8.436689
-4.415982 8.424886 9.668871 -3.409062 -4.354195 -4.975477
4.484852 4.919352 -8.667379 3.043014 4.140015 -8.526879
-4.183266 8.507927 9.101511 -3.324696 -4.319837 -5.024525
4.449394 4.987081 -8.216579 2.980138 3.913513 -8.589527
-3.989452 8.582216 8.604786 -3.240079 -4.311052 -5.085681
4.361221 5.105639 -7.789340 2.814228 3.583735 -8.616896
-3.765757 8.653386 8.172638 -3.160626 -4.325910 -5.164024
4.678777 5.175668 -7.675742 2.436043 3.139567 -8.990802
-3.230029 8.985068 7.959469 -2.694521 -4.546594 -5.288643
4.761045 5.277089 -7.400700 2.338711 2.928319 -9.083287
-3.011320 9.071232 7.626370 -2.608278 -4.611543 -5.402642
4.832072 5.420892 -7.151883 2.278217 2.704750 -9.140756
-2.820828 9.141708 7.343243 -2.525305 -4.705205 -5.538058
4.586275 5.752542 -6.751297 2.371773 2.112733 -9.037320
-2.596049 9.207594 7.105593 -2.447119 -4.828105 -5.698435
4.733424 6.025827 -6.652962 2.226219 1.840734 -9.191184
-1.958224 9.173961 6.753072 -2.451888 -4.610084 -6.156351
4.947164 6.214062 -6.543238 2.145888 1.633615 -9.269097
-1.748209 9.245448 6.596700 -2.384886 -4.806894 -6.353102
5.165625 6.445144 -6.442464 2.102168 1.416573 -9.316835
-1.560166 9.299864 6.472995 -2.321414 -5.038728 -6.576924
5.350447 6.732032 -6.358154 1.939738 1.095228 -9.342418
-1.339167 9.356553 6.380013 -2.261257 -5.310056 -6.829448
5.698023 5.638276 -5.456560 3.065122 1.732499 -8.168497
-1.874165 8.185252 5.463784 -3.257685 -5.554086 -5.717586
6.010718 5.868336 -5.418957 3.030251 1.578237 -8.113488
-1.713446 8.123293 5.385528 -3.232060 -5.843197 -5.946908
6.349088 6.130152 -5.372417 3.030553 1.437222 -8.031999
-1.586405 8.039750 5.325066 -3.216037 -6.175036 -6.200184
6.485024 -0.281030 -1.315092 7.615062 -6.725397 -6.398428
-1.445297 7.966366 5.282940 -3.198497 -6.554663 -6.468474
6.671478 6.417898 1.217582 -7.951214 -6.544998 0.082940
6.610347 -0.338938 -1.266082 7.308129 -6.945596 -6.329620
6.887918 6.343481 1.140660 -7.617776 -6.677519 0.124232
6.758061 -0.361477 -1.206487 7.036241 -7.156547 -6.229633
7.097031 6.280490 1.084446 -7.316332 -6.829783 0.173149
6.862652 -1.726126 -0.228568 7.877809 -7.449101 -7.385123
7.320634 6.182154 1.041099 -7.050719 -7.008455 0.223781
7.158671 -1.697042 -0.295251 7.612660 -7.728736 -7.133725
7.685037 7.295817 0.118189 -7.941646 -7.223335 1.500947
7.397920 -1.770636 -0.290526 7.380213 -7.902956 -6.906773
7.856073 7.057388 0.082260 -7.665814 -7.463797 1.555258
7.678635 -1.824271 -0.250672 7.180524 -8.044604 -6.661062
7.995071 6.836197 0.052625 -7.429122 -7.741829 1.625516
7.998256 -1.827590 -0.328616 6.939108 -8.200270 -6.323430
8.146486 6.592596 0.033452 -7.226648 -8.058710 1.717815
8.420346 -2.204234 -0.846800 6.853014 -8.873364 -6.025044
8.815880 6.222297 0.616283 -7.014534 -8.496882 1.995594
8.854523 -2.374161 -0.906205 6.762162 -9.068222 -5.778051
9.003197 5.965948 0.639259 -6.881727 -8.927081 2.139489
4.496253 4.783133 -9.042012 3.289143 4.555117 -8.896322
4.460940 4.857727 -8.542488 3.183293 4.224784 -8.981914
-4.360452 9.005036 8.999569 -3.469923 -4.352079 -4.949568
4.454371 4.943211 -8.107621 3.078088 3.936899 -9.061716
-4.055359 9.075464 8.497221 -3.371660 -4.325931 -5.049356
4.567933 5.289975 -7.980933 2.796623 3.566397 -9.491566
-3.579009 9.444089 8.260347 -2.984119 -4.324012 -5.468258
4.620738 5.417509 -7.642690 2.691275 3.279002 -9.587354
-3.413355 9.600266 7.935015 -2.984286 -4.488506 -5.543389
4.703119 5.568012 -7.357025 2.591111 2.961048 -9.684196
-3.124935 9.709879 7.610084 -2.858758 -4.593426 -5.687082
4.816673 5.741871 -7.117967 2.493930 2.673583 -9.768959
-2.826672 9.785076 7.313788 -2.772271 -4.688251 -5.874670
4.645334 5.988163 -6.708844 2.247745 2.120015 -9.585297
-2.604940 9.769834 7.018600 -2.763921 -4.852827 -5.948332
4.825996 6.200223 -6.563482 2.163566 1.851579 -9.674054
-2.006255 9.676880 6.662008 -2.409871 -4.705039 -6.337656
5.043327 6.439109 -6.451642 2.080937 1.549342 -9.769399
-1.731697 9.779585 6.525697 -2.306554 -4.937288 -6.571117
5.301608 6.707606 -6.371720 2.000185 1.267118 -9.853648
-1.444962 9.853445 6.399741 -2.239504 -5.176432 -6.849103
5.540001 5.847733 -5.478805 3.275922 1.899882 -8.644794
-2.002309 8.649337 5.506083 -3.403004 -5.337741 -5.956368
5.831930 6.100220 -5.403713 3.240732 1.692043 -8.597105
-1.857613 8.619689 5.418029 -3.453091 -5.675324 -6.183196
6.167944 6.367623 -5.347992 3.203436 1.465937 -8.562787
-1.647030 8.582874 5.347992 -3.398211 -6.008470 -6.444074
6.554903 6.662735 -5.310910 3.174054 1.270633 -8.510896
-1.445635 8.520952 5.269692 -3.379630 -6.366958 -6.736977
6.697897 -0.110922 -1.080454 7.684887 -7.216108 -6.861958
6.860574 -0.142513 -1.030704 7.375472 -7.481476 -6.712389
7.424402 6.808079 0.911512 -7.699874 -6.939774 -0.034552
7.045409 -0.183015 -0.999258 7.097075 -7.740893 -6.577666
7.679733 6.663981 0.854024 -7.393254 -7.132635 -0.012031
7.055300 -1.660797 -0.257699 7.807622 -8.055682 -7.746743
7.872167 6.536266 0.759063 -7.114992 -7.273633 0.100921
7.300105 -1.691307 -0.243742 7.531593 -8.265863 -7.455344
8.234996 7.673988 0.041716 -7.874157 -7.372308 1.495864
7.581265 -1.740758 -0.239394 7.294080 -8.491515 -7.144382
8.460007 7.385871 0.050503 -7.594580 -7.653146 1.562932
7.904726 -1.811553 -0.244734 7.093492 -8.694240 -6.853422
8.656410 7.077730 0.025221 -7.351514 -7.978495 1.610852
4.422702 4.914198 -8.481038 3.400385 4.361320 -9.574722
4.400554 5.353850 -8.239661 2.990371 3.865911 -9.969911
-3.993558 9.983070 8.620874 -3.326381 -4.237737 -5.500878
4.557449 5.416389 -7.902718 2.948434 3.661171 -10.132618
-3.706078 10.097835 8.180184 -3.206268 -4.302930 -5.620803
4.639822 5.586442 -7.583426 2.814242 3.337711 -10.257574
-3.492494 10.283284 7.865969 -3.139422 -4.485195 -5.739431
4.723919 5.770378 -7.284518 2.689087 3.000039 -10.332901
-3.193417 10.378287 7.532815 -3.029354 -4.601832 -5.908593
4.869306 5.875140 -6.999805 2.681421 2.740344 -10.328250
-2.913073 10.360667 7.186960 -2.985149 -4.720590 -6.027994
4.708197 6.280238 -6.646323 2.296738 2.108324 -10.216629
-2.614298 10.428977 6.949246 -2.892688 -4.897624 -6.247237
4.926348 6.546440 -6.520210 2.190945 1.803440 -10.340811
-1.974349 10.352115 6.607176 -2.459748 -4.783057 -6.708415
5.158348 6.830627 -6.400269 2.092759 1.481835 -10.422558
-1.688826 10.445824 6.462699 -2.380023 -5.037749 -6.980323
5.324338 5.983635 -5.517511 3.328268 1.987491 -9.156088
-2.156949 9.192781 5.580099 -3.565248 -5.171625 -6.085139
5.660231 6.222568 -5.436473 3.358595 1.812683 -9.128104
-1.934240 9.141241 5.454125 -3.532329 -5.443589 -6.339406
4.559227 5.581357 -7.821531 3.059394 3.760597 -10.876672
4.656979 5.762855 -7.491369 2.925503 3.388683 -10.984991
-3.594653 11.047918 7.776935 -3.286057 -4.507613 -5.927516
4.737328 5.972084 -7.172543 2.937724 3.106115 -10.996079
-3.286937 11.039699 7.392984 -3.257030 -4.558694 -6.155474
4.901845 6.207780 -6.938713 2.825171 2.738399 -11.083837
-2.955981 11.147413 7.129979 -3.161574 -4.752324 -6.374975
4.785507 6.632862 -6.588691 2.304157 2.084449 -10.952532
-2.610485 11.197080 6.877181 -3.078365 -4.952026 -6.610180
